1403715531.262143 0.36262 0.70631 0.61502 -0.05034 0.84082 0.05724 0.53592
1403715531.312143 0.37889 0.73198 0.62861 -0.05850 0.83670 0.05411 0.54184
1403715531.412143 0.41867 0.78353 0.65759 -0.06737 0.82699 0.05133 0.55580
1403715531.462143 0.43838 0.80755 0.67206 -0.06849 0.82309 0.05270 0.56130
1403715531.562143 0.48360 0.85154 0.68558 -0.06891 0.81860 0.05360 0.56769
1403715531.662143 0.52970 0.89169 0.68728 -0.07197 0.81888 0.05189 0.56706
1403715531.812143 0.60411 0.94702 0.69388 -0.05788 0.81500 0.05953 0.57348
1403715531.962143 0.67064 0.98517 0.69663 -0.04622 0.80483 0.06412 0.58822
1403715532.112143 0.72341 1.01779 0.69694 -0.03941 0.80091 0.06609 0.59382
1403715532.262143 0.76380 1.05012 0.69555 -0.04045 0.79883 0.06690 0.59645
1403715532.412143 0.79059 1.08154 0.69104 -0.05423 0.80218 0.06533 0.59102
1403715532.512143 0.78894 1.08946 0.68920 -0.06376 0.80406 0.06373 0.58768
1403715532.662143 0.80260 1.10887 0.68202 -0.08553 0.80273 0.05283 0.58781
1403715532.812143 0.80917 1.10778 0.67259 -0.10079 0.79860 0.04418 0.59172
1403715532.962143 0.81376 1.08066 0.65529 -0.09973 0.79948 0.03026 0.59158
1403715533.012143 0.82026 1.06618 0.64492 -0.09690 0.80055 0.02215 0.59096
1403715533.112143 0.81931 1.02250 0.61586 -0.08552 0.80300 0.00265 0.58981
1403715533.162143 0.81671 0.99541 0.59955 -0.07580 0.80200 -0.00726 0.59245
1403715533.262143 0.80714 0.93045 0.57481 -0.05164 0.79454 -0.02488 0.60450
1403715533.362143 0.78559 0.85302 0.56326 -0.02979 0.79213 -0.03872 0.60839
1403715533.412143 0.77276 0.81173 0.56409 -0.02090 0.79315 -0.04429 0.60705
1403715533.512143 0.73963 0.72444 0.57455 -0.01301 0.79840 -0.05699 0.59929
1403715533.562143 0.71910 0.67705 0.58304 -0.01549 0.80056 -0.06565 0.59544
1403715533.662143 0.67393 0.57361 0.61252 -0.02297 0.80513 -0.08117 0.58707
1403715533.712143 0.64883 0.51897 0.63239 -0.02614 0.80684 -0.08718 0.58371
1403715533.812143 0.60122 0.40133 0.68261 -0.02587 0.80957 -0.09348 0.57895
1403715533.862143 0.57657 0.33666 0.70794 -0.02116 0.81073 -0.09258 0.57767
1403715533.962143 0.52870 0.19759 0.75429 -0.00708 0.81312 -0.08562 0.57572
1403715534.012143 0.50458 0.12584 0.77256 -0.00087 0.81408 -0.08177 0.57497
1403715534.112143 0.45651 -0.02124 0.79954 0.01215 0.81480 -0.07327 0.57496
1403715534.212143 0.40814 -0.17019 0.81278 0.02544 0.81602 -0.06311 0.57401
1403715534.262143 0.38324 -0.24484 0.81473 0.03118 0.81650 -0.05850 0.57353
1403715534.362143 0.33627 -0.39550 0.80948 0.03753 0.81704 -0.05309 0.57291
1403715534.412143 0.31245 -0.47182 0.80225 0.04019 0.81730 -0.05314 0.57234
1403715534.512143 0.26700 -0.62179 0.77950 0.04697 0.81717 -0.05799 0.57155
1403715534.562143 0.24472 -0.69780 0.76636 0.05098 0.81671 -0.06280 0.57136
1403715534.662143 0.20368 -0.84438 0.73921 0.06001 0.81623 -0.07749 0.56936
1403715534.712143 0.18387 -0.91822 0.72567 0.06581 0.81611 -0.08649 0.56758
1403715534.812143 0.14814 -1.05770 0.69494 0.08098 0.81863 -0.10819 0.55820
1403715534.862143 0.13179 -1.12956 0.67993 0.08970 0.81987 -0.12038 0.55252
1403715534.962143 0.10049 -1.26792 0.65021 0.10804 0.82069 -0.14507 0.54199
1403715535.062143 0.07767 -1.40257 0.62049 0.12380 0.81971 -0.16604 0.53402
1403715535.212143 0.06758 -1.60079 0.57422 0.13639 0.82326 -0.19179 0.51658
1403715535.262143 0.07022 -1.65773 0.56088 0.13843 0.82436 -0.19854 0.51171
1403715535.362143 0.08276 -1.77983 0.53693 0.13962 0.82490 -0.21002 0.50590
1403715535.412143 0.10211 -1.83764 0.52610 0.13435 0.82297 -0.21862 0.50683
1403715535.562143 0.15073 -2.03485 0.49640 0.12557 0.80792 -0.23219 0.52687
1403715535.662143 0.18932 -2.17038 0.47638 0.12848 0.79869 -0.22809 0.54181
1403715535.812143 0.24985 -2.37676 0.45458 0.13134 0.79831 -0.20555 0.55064
1403715535.912143 0.29100 -2.51931 0.43135 0.13290 0.80494 -0.18180 0.54896
1403715536.062143 0.36020 -2.72695 0.39985 0.12275 0.81930 -0.15383 0.53853
1403715536.212143 0.44049 -2.92740 0.37493 0.11419 0.83069 -0.13428 0.52809
1403715536.362143 0.54425 -3.12296 0.35667 0.11622 0.83503 -0.11329 0.52572
1403715536.412143 0.58498 -3.18628 0.35292 0.12061 0.83403 -0.10477 0.52808
1403715536.512143 0.67110 -3.30115 0.34574 0.13082 0.83024 -0.08948 0.53441
1403715536.562143 0.71665 -3.35443 0.34689 0.13472 0.82770 -0.08372 0.53830
1403715536.662143 0.81564 -3.45198 0.34641 0.14026 0.82118 -0.07558 0.54798
1403715536.762143 0.92385 -3.54355 0.34543 0.14138 0.80983 -0.07083 0.56496
1403715536.812143 0.97949 -3.58329 0.34488 0.14112 0.80367 -0.06728 0.57417
1403715536.912143 1.08329 -3.63645 0.34865 0.14636 0.79201 -0.05658 0.59000
1403715536.962143 1.13582 -3.66476 0.35245 0.15267 0.78613 -0.04994 0.59682
1403715537.062143 1.22978 -3.69191 0.36102 0.16374 0.77261 -0.03970 0.61212
1403715537.112143 1.27473 -3.69914 0.36594 0.16850 0.76364 -0.03554 0.62225
1403715537.212143 1.35006 -3.68712 0.38062 0.17379 0.74452 -0.03085 0.64384
1403715537.262143 1.38265 -3.67407 0.38826 0.17291 0.73615 -0.03143 0.65360
1403715537.362143 1.42928 -3.62100 0.40588 0.14826 0.73160 -0.04814 0.66368
1403715537.412143 1.44480 -3.58664 0.41384 0.13363 0.73801 -0.05951 0.65875
1403715537.512143 1.45736 -3.50381 0.42993 0.10361 0.76079 -0.08423 0.63512
1403715537.612143 1.45363 -3.41200 0.44758 0.08222 0.78485 -0.10345 0.60543
1403715537.662143 1.44829 -3.36540 0.45791 0.07603 0.79248 -0.11018 0.59503
1403715537.762143 1.43192 -3.27388 0.48381 0.07109 0.79049 -0.11791 0.59680
1403715537.812143 1.42329 -3.22920 0.49721 0.07019 0.78477 -0.11972 0.60405
1403715537.912143 1.39559 -3.14247 0.52321 0.07229 0.77692 -0.12041 0.61374
1403715538.062143 1.33576 -3.01106 0.55480 0.06918 0.78398 -0.12460 0.60420
1403715538.212143 1.25333 -2.88709 0.57896 0.06496 0.79206 -0.14064 0.59046
1403715538.362143 1.15522 -2.76834 0.57707 0.07748 0.78969 -0.15965 0.58728
1403715538.462143 1.08781 -2.71318 0.57202 0.10097 0.77780 -0.16870 0.59697
1403715538.512143 1.04464 -2.68493 0.57280 0.11483 0.77073 -0.17288 0.60241
1403715538.612143 0.97250 -2.62570 0.56876 0.14089 0.76008 -0.18414 0.60705
1403715538.662143 0.91670 -2.59511 0.56546 0.15121 0.75700 -0.19294 0.60570
1403715538.762143 0.82066 -2.52312 0.55315 0.16904 0.75595 -0.21665 0.59416
1403715538.812143 0.76735 -2.48775 0.54811 0.17705 0.75795 -0.23109 0.58375
1403715538.912143 0.65598 -2.41020 0.53408 0.19637 0.75808 -0.26180 0.56411
1403715538.962143 0.59904 -2.37568 0.52487 0.20721 0.75545 -0.27815 0.55587
1403715539.062143 0.48487 -2.29831 0.49754 0.23094 0.74525 -0.31227 0.54200
1403715539.112143 0.42765 -2.26017 0.47903 0.24288 0.73887 -0.32987 0.53503
1403715539.212143 0.31387 -2.18171 0.43420 0.26542 0.72304 -0.36567 0.52254
1403715539.312143 0.20169 -2.10207 0.37828 0.28535 0.71003 -0.39951 0.50480
1403715539.362143 0.14794 -2.06359 0.34655 0.29374 0.70430 -0.41541 0.49510
1403715539.462143 0.04032 -1.98441 0.28482 0.31044 0.69187 -0.44068 0.48036
1403715539.512143 -0.00831 -1.94832 0.25897 0.31551 0.68644 -0.45171 0.47457
1403715539.612143 -0.10554 -1.87466 0.22033 0.31564 0.67423 -0.47351 0.47070
1403715539.662143 -0.14930 -1.84232 0.20848 0.31576 0.66830 -0.48137 0.47111
1403715539.762143 -0.24007 -1.77682 0.19841 0.31964 0.65833 -0.48999 0.47366
1403715539.912143 -0.37017 -1.68744 0.21153 0.31987 0.66018 -0.49274 0.46803
1403715540.062143 -0.49668 -1.61305 0.25316 0.29848 0.67158 -0.50178 0.45619
1403715540.162143 -0.58151 -1.57681 0.28556 0.27929 0.67764 -0.51003 0.45019
1403715540.362143 -0.72613 -1.57167 0.37057 0.28000 0.68277 -0.50409 0.44868
1403715540.462143 -0.81960 -1.57689 0.40822 0.28902 0.68974 -0.49498 0.44240
1403715540.512143 -0.86434 -1.58517 0.42472 0.29216 0.69552 -0.49206 0.43448
1403715540.762143 -1.07131 -1.66935 0.49503 0.27937 0.69958 -0.50775 0.41801
1403715540.812143 -1.11395 -1.70722 0.51357 0.27852 0.69494 -0.51092 0.42242
1403715540.912143 -1.18183 -1.76866 0.53318 0.28228 0.68673 -0.51237 0.43150
1403715541.012143 -1.25145 -1.85211 0.55330 0.29211 0.68187 -0.50783 0.43798
1403715541.062143 -1.28597 -1.89844 0.56431 0.29619 0.68086 -0.50519 0.43986
1403715541.162143 -1.35422 -1.99706 0.58155 0.29890 0.68005 -0.50315 0.44163
1403715541.212143 -1.38552 -2.04949 0.58784 0.29527 0.67498 -0.50540 0.44921
1403715541.312143 -1.45062 -2.15979 0.60054 0.29439 0.66223 -0.50772 0.46583
1403715541.462143 -1.56086 -2.33171 0.62252 0.30985 0.66326 -0.50169 0.46086
1403715541.512143 -1.59663 -2.39076 0.62581 0.31073 0.66797 -0.50201 0.45305
1403715541.612143 -1.66908 -2.51242 0.63266 0.30925 0.67714 -0.50415 0.43781
1403715541.662143 -1.70316 -2.57470 0.63625 0.31116 0.68137 -0.50295 0.43123
1403715541.762143 -1.76981 -2.70561 0.64712 0.32556 0.68852 -0.49222 0.42151
1403715541.862143 -1.82751 -2.84337 0.65923 0.34898 0.69259 -0.47405 0.41691
1403715541.912143 -1.85178 -2.91380 0.66418 0.35878 0.69464 -0.46479 0.41560
1403715542.012143 -1.88911 -3.05234 0.67548 0.37124 0.70088 -0.44724 0.41343
1403715542.062143 -1.90196 -3.12202 0.68041 0.37567 0.70360 -0.43653 0.41625
1403715542.162143 -1.91261 -3.25559 0.69081 0.37881 0.70533 -0.41602 0.43121
1403715542.212143 -1.91010 -3.32180 0.69461 0.37732 0.70493 -0.40563 0.44290
1403715542.312143 -1.89311 -3.44215 0.70547 0.36597 0.70356 -0.38865 0.46907
1403715542.362143 -1.87972 -3.50016 0.71049 0.35735 0.70316 -0.38014 0.48308
1403715542.462143 -1.84567 -3.59896 0.72449 0.33187 0.69822 -0.36748 0.51702
1403715542.512143 -1.82748 -3.64644 0.73076 0.31950 0.69604 -0.36155 0.53172
1403715542.612143 -1.79239 -3.72413 0.74278 0.29988 0.69975 -0.35215 0.54444
1403715542.712143 -1.76235 -3.78643 0.75058 0.28345 0.70859 -0.34690 0.54517
1403715542.862143 -1.72335 -3.86083 0.75234 0.26825 0.72212 -0.34150 0.53848
1403715543.012143 -1.69203 -3.91276 0.74289 0.25058 0.72558 -0.34545 0.53981
1403715543.162143 -1.66711 -3.96373 0.71934 0.24244 0.72199 -0.34878 0.54617
1403715543.312143 -1.65211 -4.01083 0.69375 0.24113 0.71497 -0.35218 0.55375
1403715543.462143 -1.65237 -4.04420 0.67004 0.24796 0.71430 -0.35075 0.55252
1403715543.562143 -1.66051 -4.05912 0.65411 0.25618 0.71367 -0.34721 0.55181
1403715543.712143 -1.68664 -4.06903 0.63042 0.27550 0.70677 -0.33714 0.55760
1403715543.762143 -1.69800 -4.06448 0.62295 0.28656 0.70457 -0.33411 0.55663
1403715543.862143 -1.72586 -4.04978 0.60416 0.31061 0.70114 -0.33324 0.54852
1403715543.912143 -1.73972 -4.03606 0.59488 0.32206 0.69921 -0.33646 0.54238
1403715544.012143 -1.76925 -3.99884 0.57155 0.34267 0.69623 -0.35038 0.52447
1403715544.062143 -1.78386 -3.97495 0.55768 0.35193 0.69352 -0.36062 0.51491
1403715544.162143 -1.81084 -3.91572 0.51922 0.35775 0.68155 -0.39737 0.49960
1403715544.212143 -1.82411 -3.87957 0.49458 0.36072 0.67290 -0.41818 0.49215
1403715544.312143 -1.84499 -3.80362 0.43687 0.36997 0.65114 -0.46179 0.47529
1403715544.412143 -1.86159 -3.72080 0.36627 0.37864 0.62492 -0.50545 0.45894
1403715544.462143 -1.86859 -3.67707 0.32904 0.38493 0.61101 -0.52424 0.45130
1403715544.562143 -1.88172 -3.58684 0.25702 0.39810 0.58586 -0.55515 0.43599
1403715544.612143 -1.88702 -3.54050 0.22564 0.40416 0.57550 -0.56632 0.42982
1403715544.712143 -1.89616 -3.44581 0.17844 -0.41729 -0.56002 0.57850 -0.42141
1403715544.862143 -1.90627 -3.29388 0.15729 -0.43502 -0.54633 0.57975 -0.41973
1403715545.012143 -1.91113 -3.13175 0.18390 -0.43290 -0.54904 0.58443 -0.41183
1403715545.162143 -1.91370 -2.96288 0.21560 -0.43194 -0.54837 0.59478 -0.39869
1403715545.262143 -1.91378 -2.84742 0.22350 -0.43423 -0.54223 0.60534 -0.38859
1403715545.312143 -1.91340 -2.78970 0.22358 -0.43556 -0.53773 0.61144 -0.38377
1403715545.412143 -1.91101 -2.67312 0.21663 -0.43483 -0.52458 0.62412 -0.38237
1403715545.562143 -1.90903 -2.49993 0.21235 -0.42419 -0.50250 0.64331 -0.39204
1403715545.712143 -1.91962 -2.32891 0.22077 -0.41646 -0.49089 0.65211 -0.40042
1403715545.862143 -1.94763 -2.14528 0.22801 -0.41564 -0.50067 0.64507 -0.40058
1403715546.012143 -1.98862 -1.96706 0.23735 -0.41643 -0.53075 0.62021 -0.40027
1403715546.112143 -2.01642 -1.85541 0.24487 -0.41089 -0.55610 0.59693 -0.40695
1403715546.162143 -2.03154 -1.79601 0.24896 -0.40398 -0.56897 0.58457 -0.41394
1403715546.262143 -2.06011 -1.67838 0.25716 0.38681 0.59630 -0.55683 0.42981
1403715546.312143 -2.07435 -1.61978 0.26143 0.37596 0.60965 -0.54262 0.43879
1403715546.412143 -2.09991 -1.50626 0.27167 0.35278 0.63642 -0.51266 0.45574
1403715546.462143 -2.11166 -1.45457 0.27666 0.34050 0.64928 -0.49716 0.46403
1403715546.562143 -2.13684 -1.34280 0.28928 0.31518 0.67468 -0.46449 0.47929
1403715546.612143 -2.14848 -1.29108 0.29478 0.30339 0.68815 -0.44683 0.48450
1403715546.712143 -2.17195 -1.18598 0.30599 0.27681 0.71731 -0.41125 0.48961
1403715546.762143 -2.18295 -1.13441 0.31070 0.26113 0.73371 -0.39434 0.48783
1403715546.862143 -2.20371 -1.03079 0.31933 0.22637 0.76176 -0.36318 0.48640
1403715546.962143 -2.22226 -0.93172 0.33050 0.19975 0.78295 -0.32652 0.49038
1403715547.012143 -2.22862 -0.88734 0.33786 0.19152 0.79260 -0.30465 0.49222
1403715547.112143 -2.23441 -0.80356 0.34939 0.17225 0.80889 -0.26327 0.49671
1403715547.162143 -2.23240 -0.76580 0.35559 0.16238 0.81545 -0.24272 0.49977
1403715547.262143 -2.22169 -0.69185 0.36715 0.14319 0.82645 -0.20163 0.50578
1403715547.312143 -2.21186 -0.65719 0.37285 0.13424 0.83134 -0.18219 0.50760
1403715547.412143 -2.18392 -0.59184 0.38231 0.11358 0.84036 -0.14898 0.50863
1403715547.462143 -2.16469 -0.56464 0.38506 0.10208 0.84547 -0.13451 0.50663
1403715547.562143 -2.11914 -0.50385 0.38846 0.07973 0.85396 -0.10411 0.50354
1403715547.612143 -2.09236 -0.47404 0.38993 0.06869 0.85707 -0.08711 0.50312
1403715547.712143 -2.02706 -0.40757 0.39386 0.04908 0.86196 -0.05159 0.50195
1403715547.812143 -1.94701 -0.33859 0.39760 0.02911 0.86427 -0.01718 0.50190
1403715547.862143 -1.90307 -0.30346 0.40019 0.01815 0.86439 -0.00105 0.50249
1403715547.962143 -1.80018 -0.22780 0.40629 -0.00199 0.85890 0.02848 0.51135
1403715548.012143 -1.74195 -0.18560 0.41074 -0.01256 0.85389 0.03827 0.51889
1403715548.112143 -1.62245 -0.10907 0.41817 -0.02462 0.84043 0.05599 0.53846
1403715548.162143 -1.55950 -0.06968 0.42126 -0.02809 0.83445 0.06237 0.54682
1403715548.262143 -1.43279 0.00987 0.42524 -0.02933 0.82468 0.07213 0.56021
1403715548.312143 -1.36832 0.05175 0.42627 -0.02945 0.82129 0.07475 0.56482
1403715548.412143 -1.24109 0.13605 0.41749 -0.02729 0.81894 0.07675 0.56807
1403715548.562143 -1.05169 0.26954 0.38825 -0.02910 0.82022 0.06980 0.56703
1403715548.662143 -0.92735 0.36261 0.36751 -0.03155 0.82149 0.06216 0.56595
1403715548.812143 -0.74863 0.50079 0.33902 -0.03262 0.82182 0.05234 0.56640
1403715548.962143 -0.57349 0.63772 0.31309 -0.03252 0.82045 0.04660 0.56889
1403715549.112143 -0.40625 0.77715 0.29027 -0.04110 0.81477 0.05454 0.57574
1403715549.162143 -0.35347 0.82312 0.28471 -0.04449 0.80993 0.05910 0.58184
1403715549.262143 -0.24394 0.91701 0.27359 -0.05122 0.79953 0.06625 0.59476
1403715549.412143 -0.09232 1.05662 0.25406 -0.06921 0.79158 0.06763 0.60335
1403715549.512143 -0.00897 1.13856 0.24086 -0.08532 0.79491 0.06364 0.59732
1403715549.562143 0.04061 1.18550 0.23041 -0.09133 0.79943 0.06180 0.59056
1403715549.812143 0.24936 1.35576 0.19740 -0.10149 0.81189 0.02621 0.57432
1403715549.962143 0.36773 1.41479 0.18500 -0.09483 0.81102 -0.01687 0.57703
1403715550.012143 0.40259 1.42250 0.18368 -0.09217 0.81135 -0.03492 0.57618
1403715550.112143 0.47371 1.42636 0.18088 -0.07444 0.81417 -0.06813 0.57179
1403715550.162143 0.51639 1.42648 0.18124 -0.05866 0.81572 -0.08162 0.56964
1403715550.262143 0.58753 1.40371 0.19299 -0.02649 0.81723 -0.10691 0.56569
1403715550.362143 0.65554 1.36400 0.21862 0.00400 0.81636 -0.13180 0.56229
1403715550.412143 0.69070 1.33888 0.23599 0.02070 0.81431 -0.14346 0.56204
1403715550.512143 0.75896 1.27920 0.27281 0.05459 0.80858 -0.16775 0.56132
1403715550.562143 0.79221 1.24542 0.28955 0.06938 0.80554 -0.18162 0.55973
1403715550.712143 0.88437 1.13816 0.32172 0.09931 0.79170 -0.23259 0.55610
1403715550.812143 0.94324 1.06080 0.32613 0.11020 0.77916 -0.27154 0.55410
1403715550.862143 0.97158 1.01945 0.32370 0.11543 0.77259 -0.29072 0.55250
1403715550.962143 1.01977 0.92972 0.31308 0.12731 0.75833 -0.32757 0.54903
1403715551.012143 1.04328 0.88119 0.30700 0.13607 0.75170 -0.34366 0.54619
1403715551.112143 1.07878 0.77368 0.30386 0.16305 0.73900 -0.36919 0.53944
1403715551.212143 1.10307 0.65433 0.31402 0.18664 0.72431 -0.39597 0.53268
1403715551.262143 1.11045 0.59000 0.32474 0.19622 0.71487 -0.41062 0.53090
1403715551.362143 1.12000 0.45480 0.34724 0.21085 0.69519 -0.44311 0.52526
1403715551.412143 1.12136 0.38446 0.35933 0.21883 0.68464 -0.45884 0.52235
1403715551.512143 1.10932 0.23973 0.38343 0.23968 0.66315 -0.48674 0.51563
1403715551.562143 1.09928 0.16595 0.39434 0.25395 0.65250 -0.49808 0.51153
1403715551.662143 1.06539 0.01432 0.41706 0.28930 0.63277 -0.51494 0.50075
1403715551.712143 1.04499 -0.06233 0.42934 0.30841 0.62119 -0.52191 0.49661
1403715551.812143 0.99282 -0.21278 0.45281 0.34139 0.59574 -0.53769 0.48932
1403715551.862143 0.96334 -0.28648 0.46361 0.35590 0.58102 -0.54605 0.48741
1403715551.962143 0.89647 -0.42612 0.48500 -0.38558 -0.55073 0.56076 -0.48330
1403715552.062143 0.82052 -0.55415 0.50369 -0.41645 -0.53191 0.57389 -0.46291
1403715552.112143 0.78068 -0.61318 0.51178 -0.42720 -0.52304 0.58261 -0.45222
1403715552.212143 0.69756 -0.71935 0.52686 -0.44905 -0.50432 0.59872 -0.43076
1403715552.262143 0.65596 -0.76628 0.53523 -0.46328 -0.49298 0.60421 -0.42104
1403715552.362143 0.57198 -0.84901 0.54921 -0.48919 -0.46648 0.61641 -0.40389
1403715552.412143 0.53081 -0.88289 0.55582 0.50002 0.45349 -0.62453 0.39281
1403715552.512143 0.45138 -0.93844 0.56881 0.51943 0.42342 -0.64212 0.37227
1403715552.562143 0.41428 -0.95936 0.57500 0.52771 0.40591 -0.65162 0.36353
1403715552.662143 0.34221 -0.98972 0.58545 0.54258 0.36660 -0.67097 0.34786
1403715552.712143 0.30883 -0.99744 0.59083 0.54786 0.34643 -0.68195 0.33880
1403715552.812143 0.24782 -0.99605 0.59639 0.55604 0.30529 -0.70514 0.31685
1403715552.912143 0.18947 -0.97706 0.59806 0.55958 0.26321 -0.72897 0.29361
1403715552.962143 0.16350 -0.95702 0.59898 0.55816 0.24121 -0.74154 0.28353
1403715553.062143 0.11121 -0.90707 0.59622 0.55558 0.19560 -0.76341 0.26508
1403715553.112143 0.08564 -0.87484 0.59367 0.55602 0.17441 -0.77192 0.25409
1403715553.212143 0.03354 -0.79968 0.58818 0.56593 0.13603 -0.78091 0.22671
1403715553.262143 0.00761 -0.75506 0.58556 0.57220 0.11576 -0.78274 0.21563
1403715553.362143 -0.04466 -0.65121 0.57888 0.59298 0.07946 -0.77916 0.18700
1403715553.412143 -0.06601 -0.59261 0.57451 0.60510 0.06328 -0.77541 0.16912
1403715553.512143 -0.10546 -0.46403 0.56403 0.63159 0.03617 -0.76398 0.12695
1403715553.562143 -0.11862 -0.39604 0.55653 0.64127 0.02370 -0.75956 0.10620
1403715553.662143 -0.13429 -0.25181 0.53884 0.65049 0.00404 -0.75634 0.06933
1403715553.762143 -0.13132 -0.10262 0.51603 0.64043 -0.00649 -0.76689 0.04124
1403715553.812143 -0.12378 -0.02659 0.50318 0.62785 -0.00835 -0.77776 0.02877
1403715553.912143 -0.09949 0.12445 0.48250 0.60343 -0.00749 -0.79734 0.00790
1403715553.962143 -0.08351 0.20047 0.47278 0.59073 -0.00690 -0.80684 0.00185
1403715554.062143 -0.05015 0.34832 0.45281 0.56101 -0.00860 -0.82777 -0.00091
1403715554.112143 -0.03407 0.42296 0.44311 0.54498 -0.00924 -0.83840 -0.00020
1403715554.212143 -0.01475 0.56137 0.43210 0.51664 -0.00842 -0.85616 0.00053
1403715554.262143 -0.00771 0.64130 0.41572 0.50665 -0.00602 -0.86213 -0.00033
1403715554.362143 -0.00845 0.78246 0.39884 -0.49569 -0.00811 0.86837 0.01261
1403715554.412143 -0.01456 0.85136 0.38736 -0.49839 -0.02416 0.86623 0.02608
1403715554.512143 -0.03932 0.97889 0.35919 0.52430 0.08001 -0.84464 -0.07272
1403715554.612143 -0.07182 1.07460 0.32630 0.55126 0.13689 -0.81371 -0.12349
1403715554.662143 -0.08625 1.11540 0.30287 0.56108 0.15890 -0.79958 -0.14358
1403715554.762143 -0.11490 1.16042 0.25249 0.57572 0.18706 -0.77747 -0.17057
1403715554.912143 -0.13353 1.11876 0.19095 0.59941 0.19533 -0.75590 -0.17655
1403715554.962143 -0.12868 1.06808 0.18325 0.60972 0.18830 -0.75125 -0.16855
1403715555.062143 -0.10314 0.92061 0.18486 0.61601 0.14415 -0.76521 -0.11917
1403715555.112143 -0.08334 0.83114 0.19436 0.61223 0.11322 -0.77813 -0.08289
1403715555.212143 -0.03849 0.63168 0.21639 0.59147 0.05013 -0.80475 -0.00595
1403715555.262143 -0.01712 0.53077 0.22693 0.57561 0.01650 -0.81668 0.03788
1403715555.362143 0.02677 0.32942 0.23697 0.55191 -0.03168 -0.82719 0.10075
1403715555.462143 0.06588 0.14928 0.24752 0.55258 -0.04393 -0.82436 0.11468
1403715555.512143 0.08489 0.07110 0.25724 0.55857 -0.04089 -0.82118 0.10954
1403715555.612143 0.11679 -0.06530 0.28584 0.57073 -0.02626 -0.81567 0.09089
1403715555.762143 0.16265 -0.23325 0.34936 0.56856 -0.00977 -0.81884 0.07841
1403715555.812143 0.17992 -0.28207 0.37226 0.56337 -0.01060 -0.82182 0.08432
1403715555.912143 0.20760 -0.36406 0.43040 0.55531 -0.01408 -0.82581 0.09727
1403715556.062143 0.23701 -0.45415 0.51500 0.54019 -0.02406 -0.83260 0.11993
1403715556.212143 0.25195 -0.49655 0.58755 0.54379 -0.02959 -0.82829 0.13172
1403715556.312143 0.25370 -0.48842 0.63112 0.55475 -0.02436 -0.82180 0.12770
1403715556.462143 0.24765 -0.44353 0.69188 0.56219 -0.00759 -0.81896 0.11484
1403715556.512143 0.24549 -0.42018 0.70777 0.56288 0.00482 -0.82031 0.10116
1403715556.612143 0.23498 -0.36450 0.72881 0.56248 0.02813 -0.82283 0.07598
1403715556.762143 0.21495 -0.26867 0.73209 0.54974 0.04977 -0.83200 0.05552
1403715556.912143 0.18489 -0.17088 0.71198 0.55346 0.06901 -0.82922 0.03634
1403715557.062143 0.14495 -0.07960 0.68932 0.54358 0.07235 -0.83553 0.03424
1403715557.162143 0.10814 -0.02480 0.67312 0.52579 0.06611 -0.84699 0.04215
1403715557.312143 0.03129 0.05152 0.65349 0.50558 0.05853 -0.85938 0.04928
1403715557.462143 -0.07812 0.12249 0.63768 0.50721 0.05516 -0.85866 0.04902
1403715557.512143 -0.12194 0.15703 0.62883 0.51655 0.05619 -0.85316 0.04633
1403715557.612143 -0.21909 0.18879 0.62091 0.53570 0.06005 -0.84142 0.03779
1403715557.662143 -0.27062 0.20936 0.61334 0.54454 0.06229 -0.83576 0.03328
1403715557.912143 -0.54065 0.29098 0.59376 0.55886 0.05315 -0.82709 0.02790
1403715558.012143 -0.65043 0.31462 0.60452 0.55951 0.04540 -0.82709 0.02854
1403715558.162143 -0.82009 0.34298 0.64107 0.55703 0.03917 -0.82917 0.02563
1403715558.312143 -0.99632 0.36642 0.68678 0.55665 0.04590 -0.82942 0.00967
1403715558.362143 -1.05550 0.37061 0.70115 0.56142 0.04885 -0.82608 0.00433
1403715558.462143 -1.17603 0.37493 0.72809 0.57626 0.04942 -0.81576 0.00340
1403715558.512143 -1.23607 0.37425 0.73853 0.58703 0.04685 -0.80817 0.00769
1403715558.612143 -1.35121 0.37209 0.75063 0.60581 0.04123 -0.79437 0.01664
1403715558.762143 -1.51061 0.36810 0.74507 0.61360 0.03997 -0.78821 0.02497
1403715558.862143 -1.60376 0.36177 0.73532 0.61413 0.05235 -0.78700 0.02711
1403715559.012143 -1.71784 0.34792 0.72526 0.61511 0.08403 -0.78341 0.02911
1403715559.062143 -1.74990 0.34049 0.72389 0.61448 0.09500 -0.78250 0.03299
1403715559.162143 -1.80016 0.32237 0.72331 0.61433 0.11544 -0.77913 0.04718
1403715559.212143 -1.81719 0.31082 0.72516 0.61454 0.12679 -0.77674 0.05422
1403715559.312143 -1.84781 0.28416 0.72726 0.61404 0.15126 -0.77173 0.06707
1403715559.362143 -1.85350 0.26764 0.72899 0.61249 0.16420 -0.76982 0.07262
1403715559.462143 -1.86600 0.23349 0.72848 0.60110 0.18928 -0.77205 0.08241
1403715559.512143 -1.86710 0.21315 0.72413 0.59075 0.19741 -0.77723 0.08921
1403715559.612143 -1.86236 0.17442 0.70644 0.57185 0.20502 -0.78684 0.10884
1403715559.712143 -1.85231 0.13622 0.67773 0.56219 0.21552 -0.78956 0.11868
1403715559.762143 -1.84776 0.11463 0.66127 0.56044 0.22343 -0.78828 0.12085
1403715559.862143 -1.84082 0.06418 0.62569 0.55664 0.23976 -0.78517 0.12718
1403715559.912143 -1.83569 0.03779 0.60891 0.55519 0.25053 -0.78244 0.12957
1403715560.012143 -1.81983 -0.02490 0.57406 0.55179 0.27422 -0.77609 0.13423
1403715560.062143 -1.81409 -0.05560 0.56020 0.54972 0.28493 -0.77279 0.13933
1403715560.162143 -1.79267 -0.12900 0.53591 0.54345 0.30555 -0.76706 0.15138
1403715560.212143 -1.77912 -0.16904 0.53042 0.53828 0.31221 -0.76567 0.16286
1403715560.312143 -1.75357 -0.25603 0.52159 0.52794 0.32431 -0.76226 0.18724
1403715560.362143 -1.74146 -0.29771 0.52297 0.52319 0.33114 -0.75971 0.19865
1403715560.462143 -1.71607 -0.38853 0.52648 0.51529 0.34779 -0.75284 0.21624
1403715560.562143 -1.69026 -0.48398 0.52925 0.50879 0.36408 -0.74465 0.23254
1403715560.612143 -1.67732 -0.53076 0.52892 0.50549 0.37382 -0.73993 0.23926
1403715560.712143 -1.65144 -0.62903 0.53477 -0.49901 -0.39336 0.72917 -0.25409
1403715560.762143 -1.63674 -0.68452 0.53661 -0.49661 -0.40442 0.72253 -0.26032
1403715560.862143 -1.60973 -0.78949 0.54042 -0.49225 -0.42902 0.70765 -0.26993
1403715560.912143 -1.59396 -0.84566 0.54162 -0.48874 -0.44182 0.70036 -0.27463
1403715561.012143 -1.56397 -0.95710 0.54534 -0.48104 -0.46634 0.68443 -0.28754
1403715561.062143 -1.54637 -1.01726 0.54393 -0.47563 -0.47774 0.67687 -0.29563
1403715561.162143 -1.50958 -1.13471 0.54954 -0.46171 -0.49724 0.66337 -0.31546
1403715561.212143 -1.49142 -1.19671 0.54955 -0.45454 -0.50573 0.65737 -0.32480
1403715561.312143 -1.45413 -1.31904 0.55183 -0.43669 -0.51154 0.65199 -0.35007
1403715561.412143 -1.41929 -1.43833 0.55378 -0.42027 -0.51599 0.64709 -0.37202
1403715561.462143 -1.40427 -1.49735 0.55674 -0.41570 -0.52108 0.64196 -0.37889
1403715561.612143 -1.36320 -1.67419 0.56384 -0.41751 -0.54431 0.61576 -0.38762
1403715561.762143 -1.32402 -1.85134 0.57252 -0.42394 -0.56679 0.58405 -0.39738
1403715561.862143 -1.29446 -1.96603 0.57945 0.42326 0.57895 -0.56277 0.41106
1403715562.062143 -1.22341 -2.18215 0.59738 0.42059 0.59595 -0.51677 0.44822
1403715562.162143 -1.18423 -2.27153 0.60918 0.42447 0.59961 -0.49695 0.46188
1403715562.412143 -1.06506 -2.42424 0.62668 0.42649 0.62724 -0.47893 0.44193
1403715562.462143 -1.03525 -2.44705 0.62994 0.42395 0.63584 -0.47922 0.43164
1403715562.612143 -0.92761 -2.49296 0.63970 0.41998 0.65662 -0.46685 0.41775
1403715562.762143 -0.78973 -2.52020 0.64798 0.38205 0.66124 -0.47632 0.43581
1403715563.012143 -0.53366 -2.54130 0.66287 0.32719 0.66852 -0.47484 0.46963
1403715563.162143 -0.37391 -2.55641 0.67159 0.31604 0.68085 -0.44236 0.49080
1403715563.262143 -0.26663 -2.56345 0.67647 0.30821 0.68977 -0.41011 0.51091
1403715563.312143 -0.21495 -2.56523 0.67842 0.30172 0.69571 -0.39186 0.52096
1403715563.462143 -0.06484 -2.55450 0.68113 0.27254 0.71902 -0.33366 0.54535
1403715563.562143 0.03021 -2.53804 0.67389 0.25337 0.73467 -0.29387 0.55651
1403715563.612143 0.06993 -2.52567 0.66513 0.24483 0.74149 -0.27371 0.56155
1403715563.762143 0.18990 -2.46989 0.62618 0.22093 0.75474 -0.21783 0.57802
1403715563.862143 0.26220 -2.42008 0.59099 0.19229 0.75875 -0.18875 0.59304
1403715563.962143 0.33715 -2.36089 0.54208 0.15580 0.76397 -0.16430 0.60422
1403715564.012143 0.37363 -2.32881 0.51381 0.13398 0.76766 -0.15399 0.60749
1403715564.112143 0.42968 -2.25544 0.46209 0.08937 0.77493 -0.13059 0.61191
1403715564.162143 0.45464 -2.22104 0.43953 0.06919 0.77708 -0.11710 0.61453
1403715564.262143 0.49511 -2.14599 0.38890 0.03316 0.78327 -0.08640 0.61476
1403715564.312143 0.51281 -2.11335 0.36517 0.01981 0.78606 -0.06651 0.61424
1403715564.412143 0.53323 -2.04186 0.33936 -0.00938 0.79418 -0.02300 0.60718
1403715564.562143 0.54803 -1.94413 0.32108 -0.04889 0.80926 0.04781 0.58346
1403715564.612143 0.55036 -1.91260 0.32179 -0.06124 0.81052 0.07189 0.57804
1403715564.712143 0.55150 -1.85475 0.33588 -0.08273 0.80824 0.11988 0.57056
1403715564.812143 0.54953 -1.79704 0.36397 -0.10401 0.80090 0.16627 0.56577
1403715564.862143 0.54940 -1.76975 0.38113 -0.11531 0.79615 0.18771 0.56357
1403715564.962143 0.54315 -1.71097 0.42986 -0.13719 0.78120 0.22830 0.56461
1403715565.012143 0.54299 -1.67898 0.45817 -0.14879 0.77369 0.24735 0.56399
1403715565.112143 0.52956 -1.61429 0.52167 -0.17487 0.75968 0.28385 0.55833
1403715565.162143 0.52295 -1.58102 0.55509 -0.19114 0.75353 0.29991 0.55292
1403715565.262143 0.50177 -1.51298 0.60545 -0.22261 0.74093 0.32978 0.54103
1403715565.312143 0.49178 -1.47836 0.62769 -0.23877 0.73279 0.34233 0.53741
1403715565.412143 0.46857 -1.41196 0.66345 -0.26899 0.71273 0.36647 0.53419
1403715565.462143 0.45527 -1.37723 0.67786 -0.28484 0.70264 0.37730 0.53179
1403715565.562143 0.42504 -1.31826 0.69839 -0.31201 0.68132 0.40369 0.52487
1403715565.662143 0.38924 -1.27199 0.71799 -0.33925 0.65931 0.43363 0.51205
1403715565.712143 0.37088 -1.24886 0.73135 -0.35197 0.64805 0.45011 0.50354
1403715565.812143 0.32844 -1.21823 0.75891 -0.37473 0.62401 0.48814 0.48157
1403715565.862143 0.30433 -1.20561 0.77361 -0.38762 0.61167 0.50735 0.46712
1403715565.962143 0.25396 -1.18707 0.80532 -0.41280 0.57970 0.54684 0.44104
1403715566.012143 0.22780 -1.18047 0.82092 -0.42660 0.56156 0.56524 0.42799
1403715566.112143 0.17638 -1.17706 0.85092 -0.45074 0.52538 0.60063 0.40006
1403715566.162143 0.15111 -1.17785 0.86613 -0.46225 0.50607 0.61677 0.38705
1403715566.262143 0.10107 -1.18530 0.89407 -0.48377 0.46741 0.64679 0.35939
1403715566.312143 0.07597 -1.18990 0.90788 -0.49420 0.44789 0.66045 0.34492
1403715566.412143 0.02796 -1.20841 0.93220 0.51124 -0.40836 -0.68639 -0.31740
1403715566.512143 -0.01734 -1.23394 0.94577 0.52915 -0.36883 -0.70657 -0.29106
1403715566.562143 -0.03914 -1.25112 0.94734 0.53769 -0.35002 -0.71494 -0.27791
1403715566.662143 -0.08339 -1.28819 0.94330 0.55231 -0.31160 -0.73042 -0.25368
1403715566.712143 -0.10641 -1.30903 0.93862 0.55826 -0.29130 -0.73853 -0.24097
1403715566.812143 -0.14379 -1.35991 0.92824 0.56930 -0.24961 -0.75467 -0.20993
1403715566.862143 -0.16001 -1.38713 0.92527 0.57561 -0.22799 -0.76140 -0.19225
1403715566.962143 -0.18678 -1.44915 0.91887 0.58815 -0.18075 -0.77292 -0.15494
1403715567.012143 -0.19881 -1.48248 0.91515 0.59139 -0.15659 -0.77951 -0.13456
1403715567.112143 -0.21470 -1.55592 0.90919 0.59615 -0.10802 -0.79092 -0.08597
1403715567.162143 -0.22041 -1.59572 0.90652 0.59769 -0.08173 -0.79510 -0.06239
1403715567.262143 -0.22769 -1.67502 0.89854 0.59369 -0.02653 -0.80411 -0.01519
1403715567.362143 -0.22959 -1.75592 0.88936 0.58547 0.03448 -0.80948 0.02782
1403715567.412143 -0.22965 -1.79575 0.88267 0.57986 0.06670 -0.81063 0.04678
1403715567.512143 -0.22514 -1.87693 0.86023 0.56785 0.12995 -0.80858 0.08276
1403715567.562143 -0.22265 -1.92113 0.84397 0.56281 0.15940 -0.80486 0.10020
1403715567.662143 -0.21474 -2.00625 0.80241 0.55422 0.21414 -0.79271 0.13636
1403715567.712143 -0.20985 -2.05350 0.77924 0.55053 0.24041 -0.78441 0.15433
1403715567.812143 -0.19655 -2.14621 0.73258 0.54531 0.28975 -0.76264 0.19252
1403715567.862143 -0.18756 -2.19486 0.71011 0.54132 0.31419 -0.75106 0.21016
1403715568.012143 -0.15363 -2.33572 0.64495 0.52520 0.38691 -0.71288 0.25741
1403715568.112143 -0.12374 -2.42624 0.60406 0.51562 0.42812 -0.68313 0.29013
1403715568.212143 -0.08317 -2.51209 0.56586 0.50294 0.46704 -0.65241 0.32138
1403715568.262143 -0.05937 -2.55356 0.54855 -0.49306 -0.48475 0.63875 -0.33749
1403715568.362143 -0.00960 -2.63146 0.51176 -0.47273 -0.51898 0.61007 -0.36743
1403715568.412143 0.01798 -2.66710 0.49550 -0.46187 -0.53555 0.59553 -0.38106
1403715568.512143 0.07563 -2.73357 0.46465 0.44086 0.56811 -0.56375 0.40630
1403715568.562143 0.10650 -2.76101 0.45370 0.42901 0.58348 -0.54789 0.41871
1403715568.662143 0.17215 -2.81292 0.43229 0.40650 0.61468 -0.51378 0.43926
1403715568.712143 0.20690 -2.83273 0.42488 0.39348 0.62898 -0.49690 0.45017
1403715568.812143 0.27990 -2.86971 0.41033 0.36670 0.65674 -0.46266 0.46922
1403715568.862143 0.31664 -2.87854 0.40743 0.35376 0.67011 -0.44518 0.47709
1403715568.962143 0.39025 -2.89952 0.39714 0.32488 0.69492 -0.41433 0.48976
1403715569.062143 0.46286 -2.91263 0.38656 0.29819 0.71706 -0.38477 0.49886
1403715569.112143 0.49915 -2.91637 0.38192 0.28501 0.72695 -0.36995 0.50343
1403715569.262143 0.61146 -2.92481 0.36694 0.24631 0.74668 -0.33046 0.52211
1403715569.362143 0.68800 -2.92812 0.36061 0.23189 0.74851 -0.30374 0.54194
1403715569.512143 0.78492 -2.91872 0.35020 0.21529 0.75150 -0.26556 0.56425
1403715569.562143 0.82398 -2.91651 0.35335 0.20943 0.75466 -0.25252 0.56821
1403715569.712143 0.91922 -2.88743 0.35461 0.18745 0.76900 -0.21394 0.57248
1403715569.812143 0.98029 -2.85558 0.34395 0.16438 0.77928 -0.18742 0.57495
1403715569.912143 1.02775 -2.82090 0.34301 0.13804 0.78610 -0.15696 0.58169
1403715569.962143 1.05491 -2.80261 0.34259 0.12595 0.78783 -0.14025 0.58633
1403715570.062143 1.10429 -2.75253 0.34290 0.10082 0.79086 -0.10590 0.59428
1403715570.112143 1.12614 -2.73257 0.34238 0.08785 0.79220 -0.08814 0.59744
1403715570.212143 1.16524 -2.67278 0.33775 0.06071 0.79427 -0.05182 0.60231
1403715570.262143 1.18438 -2.64272 0.33570 0.04657 0.79505 -0.03316 0.60384
1403715570.362143 1.21774 -2.57773 0.33012 0.01778 0.79329 0.00615 0.60855
1403715570.412143 1.22702 -2.54159 0.32731 0.00320 0.79175 0.02650 0.61026
1403715570.512143 1.24110 -2.46823 0.32062 -0.02949 0.78662 0.06705 0.61307
1403715570.562143 1.24123 -2.42965 0.31691 -0.04434 0.78300 0.08901 0.61403
1403715570.662143 1.23478 -2.35130 0.30695 -0.07582 0.77894 0.13205 0.60833
1403715570.762143 1.21377 -2.27235 0.29475 -0.10797 0.77607 0.17497 0.59619
1403715570.812143 1.20090 -2.23023 0.28855 -0.12385 0.77263 0.19701 0.59067
1403715570.962143 1.15633 -2.10147 0.26728 -0.16880 0.76146 0.25887 0.56981
1403715571.062143 1.12016 -2.01433 0.25161 -0.19548 0.75465 0.29061 0.55483
1403715571.112143 1.10328 -1.96826 0.24303 -0.20780 0.75166 0.30094 0.54887
1403715571.262143 1.03763 -1.84660 0.22367 -0.23731 0.73399 0.31796 0.55122
1403715571.362143 0.98662 -1.77299 0.21012 -0.24576 0.72159 0.32370 0.56048
1403715571.512143 0.89988 -1.67057 0.19409 -0.24364 0.72701 0.33089 0.55010
1403715571.612143 0.83748 -1.61511 0.18053 -0.25131 0.74284 0.32721 0.52722
1403715571.762143 0.73979 -1.53855 0.13635 -0.28037 0.77716 0.30348 0.47468
1403715571.812143 0.71415 -1.52207 0.11817 -0.28703 0.78846 0.29743 0.45551
1403715571.962143 0.67304 -1.47293 0.06405 -0.29188 0.81499 0.28708 0.41010
1403715572.112143 0.69461 -1.42626 0.01594 -0.26461 0.82722 0.30387 0.39160
1403715572.212143 0.74798 -1.38813 -0.00930 -0.23693 0.81612 0.33273 0.40878
1403715572.262143 0.78391 -1.36678 -0.02110 -0.22641 0.80143 0.35017 0.42874
1403715572.362143 0.86672 -1.30888 -0.04194 -0.21712 0.76217 0.38290 0.47471
1403715572.462143 0.94760 -1.24100 -0.06436 -0.22451 0.72308 0.40694 0.51103
1403715572.512143 0.98348 -1.20572 -0.07599 -0.23365 0.70894 0.41572 0.51961
1403715572.612143 1.05066 -1.12434 -0.10252 -0.25367 0.68834 0.43272 0.52401
1403715572.662143 1.08174 -1.08124 -0.11537 -0.26369 0.67883 0.44246 0.52334
1403715572.762143 1.13524 -0.99256 -0.14036 -0.27953 0.66431 0.46542 0.51374
1403715572.812143 1.15888 -0.94710 -0.14959 -0.28928 0.65958 0.47583 0.50483
1403715572.912143 1.18759 -0.86063 -0.15582 -0.31265 0.64884 0.49342 0.48764
1403715572.962143 1.19651 -0.81814 -0.15268 -0.32476 0.64150 0.50173 0.48092
1403715573.062143 1.20892 -0.73189 -0.14001 -0.34882 0.62525 0.51803 0.46801
1403715573.112143 1.21263 -0.68697 -0.12843 -0.36047 0.61697 0.52649 0.46067
1403715573.212143 1.21439 -0.60239 -0.10317 -0.38158 0.60128 0.54402 0.44374
1403715573.312143 1.21162 -0.52414 -0.07850 -0.40032 0.58617 0.56279 0.42357
1403715573.362143 1.20879 -0.48689 -0.06627 -0.40860 0.57867 0.57245 0.41289
1403715573.462143 1.20370 -0.41342 -0.04469 -0.42657 0.56521 0.58993 0.38802
1403715573.512143 1.20148 -0.37749 -0.03430 -0.43568 0.55879 0.59782 0.37491
1403715573.612143 1.19763 -0.30770 -0.01392 -0.44951 0.54284 0.61519 0.35328
1403715573.662143 1.20014 -0.27098 -0.00375 -0.45246 0.53218 0.62631 0.34613
1403715573.762143 1.20393 -0.20002 0.01621 -0.45120 0.50892 0.65267 0.33381
1403715573.812143 1.20562 -0.16519 0.02543 -0.44922 0.49619 0.66672 0.32784
1403715573.912143 1.20595 -0.09605 0.04328 -0.44831 0.47185 0.69285 0.31038
1403715573.962143 1.20576 -0.05440 0.05303 -0.45077 0.45935 0.70434 0.29952
1403715574.062143 1.20114 0.02961 0.07170 -0.45674 0.43296 0.72738 0.27360
1403715574.162143 1.18890 0.12328 0.09256 -0.46901 0.40252 0.74585 0.24843
1403715574.212143 1.18311 0.17636 0.10338 -0.47693 0.38414 0.75359 0.23891
1403715574.312143 1.16289 0.28125 0.12794 -0.49643 0.33996 0.76433 0.23190
1403715574.362143 1.15262 0.33339 0.13908 0.50416 -0.31680 -0.76909 -0.23229
1403715574.462143 1.12567 0.43676 0.15938 0.51176 -0.27728 -0.77822 -0.23575
1403715574.512143 1.11069 0.48428 0.16743 0.51388 -0.26247 -0.78159 -0.23695
1403715574.612143 1.07305 0.57488 0.17990 0.51364 -0.24109 -0.78972 -0.23322
1403715574.762143 0.99875 0.69332 0.19551 0.51309 -0.21951 -0.80053 -0.21841
1403715574.912143 0.89881 0.79401 0.21170 0.52267 -0.22201 -0.80161 -0.18695
1403715575.012143 0.82371 0.85010 0.22638 0.53428 -0.22418 -0.79580 -0.17605
1403715575.062143 0.78480 0.87649 0.23586 0.54045 -0.22354 -0.79188 -0.17571
1403715575.162143 0.70726 0.92536 0.25602 0.55533 -0.22071 -0.78108 -0.18114
1403715575.212143 0.67103 0.94560 0.26827 0.56599 -0.21827 -0.77272 -0.18686
1403715575.312143 0.59992 0.98330 0.29078 0.57544 -0.21492 -0.76331 -0.20011
1403715575.462143 0.49832 1.02174 0.31514 0.55693 -0.22844 -0.77284 -0.20090
1403715575.612143 0.39860 1.03915 0.34756 0.54690 -0.22427 -0.77392 -0.22728
1403715575.662143 0.36549 1.03840 0.35940 0.54572 -0.22071 -0.77253 -0.23808
1403715575.762143 0.29509 1.02655 0.38227 0.54271 -0.21572 -0.77043 -0.25568
1403715575.912143 0.17816 0.97769 0.41303 0.53820 -0.22447 -0.77109 -0.25570
1403715576.012143 0.09039 0.92854 0.43035 0.54088 -0.24095 -0.77008 -0.23744
1403715576.062143 0.04166 0.90119 0.43914 0.54220 -0.24774 -0.76947 -0.22926
1403715576.212143 -0.09964 0.80318 0.46213 0.54810 -0.26099 -0.76584 -0.21204
1403715576.362143 -0.24118 0.69510 0.48881 0.55752 -0.26000 -0.75977 -0.21051
1403715576.462143 -0.33231 0.61676 0.51097 0.57329 -0.25458 -0.74878 -0.21417
1403715576.512143 -0.37673 0.57490 0.52299 0.58003 -0.25202 -0.74364 -0.21690
1403715576.612143 -0.45702 0.48363 0.54674 0.59142 -0.24863 -0.73316 -0.22558
1403715576.712143 -0.52558 0.38145 0.56947 0.59071 -0.25070 -0.73067 -0.23308
1403715576.862143 -0.60862 0.20708 0.60189 0.57102 -0.26801 -0.73927 -0.23575
1403715576.912143 -0.63218 0.14413 0.61295 0.56204 -0.27468 -0.74379 -0.23545
1403715577.012143 -0.68018 0.01166 0.63528 0.55036 -0.28931 -0.74763 -0.23334
1403715577.162143 -0.74758 -0.19528 0.66639 0.54613 -0.31979 -0.74132 -0.22343
1403715577.312143 -0.80451 -0.39995 0.67171 0.54452 -0.33963 -0.73357 -0.22366
1403715577.462143 -0.85139 -0.59902 0.63438 0.53988 -0.34217 -0.73212 -0.23547
1403715577.562143 -0.87646 -0.73127 0.60561 0.53799 -0.34273 -0.73184 -0.23981
1403715577.712143 -0.90816 -0.93105 0.58471 0.53661 -0.34624 -0.73171 -0.23825
1403715577.862143 -0.93070 -1.12698 0.58230 0.54057 -0.35901 -0.72616 -0.22712
1403715578.012143 -0.94130 -1.31528 0.55429 0.53820 -0.38444 -0.71680 -0.22080
1403715578.062143 -0.93523 -1.37284 0.53829 0.53504 -0.39622 -0.71361 -0.21796
1403715578.162143 -0.92669 -1.48882 0.49433 0.52314 -0.43066 -0.70693 -0.20274
1403715578.212143 -0.91820 -1.54375 0.46923 0.51738 -0.44713 -0.70154 -0.20059
1403715578.312143 -0.89313 -1.64218 0.42133 0.50643 -0.47000 -0.68941 -0.21758
1403715578.412143 -0.85357 -1.73090 0.37504 -0.49328 0.48825 0.67696 0.24498
1403715578.462143 -0.82955 -1.77242 0.35221 -0.48331 0.49705 0.67244 0.25919
1403715578.562143 -0.77863 -1.84251 0.30434 -0.45125 0.51416 0.67178 0.28411
1403715578.612143 -0.75267 -1.87044 0.28018 -0.42987 0.52358 0.67590 0.29023
1403715578.712143 -0.70270 -1.91740 0.23018 -0.39029 0.54052 0.68441 0.29514
1403715578.762143 -0.67973 -1.93229 0.20621 -0.37594 0.54755 0.68653 0.29586
1403715578.862143 -0.64319 -1.94028 0.16341 -0.36144 0.55803 0.68510 0.29768
1403715578.912143 -0.62753 -1.93403 0.14244 -0.35983 0.55815 0.68325 0.30356
1403715579.012143 -0.60332 -1.90588 0.10650 -0.36474 0.54502 0.67884 0.33030
1403715579.062143 -0.59394 -1.88348 0.09017 -0.36622 0.53412 0.67835 0.34706
1403715579.162143 -0.58978 -1.83010 0.07160 -0.36832 0.50721 0.67730 0.38514
1403715579.312143 -0.62687 -1.74096 0.06374 -0.37756 0.47608 0.67041 0.42586
1403715579.412143 -0.67926 -1.68545 0.05810 -0.37998 0.47536 0.66797 0.42832
1403715579.462143 -0.71234 -1.65855 0.05484 -0.38171 0.47839 0.66694 0.42501
1403715579.562143 -0.79378 -1.60996 0.04474 -0.38670 0.49352 0.66447 0.40667
1403715579.612143 -0.84066 -1.58563 0.04098 -0.38975 0.49686 0.66328 0.40160
1403715579.712143 -0.94781 -1.53663 0.03825 -0.40157 0.49905 0.65811 0.39569
1403715579.762143 -1.00564 -1.51205 0.03999 -0.40849 0.49868 0.65509 0.39410
1403715579.862143 -1.12970 -1.46512 0.05240 -0.41337 0.49334 0.65355 0.39827
1403715580.012143 -1.33419 -1.40032 0.08388 -0.42027 0.50263 0.64193 0.39832
1403715580.112143 -1.47768 -1.35797 0.09573 -0.42214 0.51853 0.62643 0.40063
1403715580.262143 -1.69892 -1.30156 0.08929 -0.41579 0.54830 0.59859 0.41009
1403715580.412143 -1.92314 -1.25380 0.07478 -0.41060 0.58445 0.56153 0.41774
1403715580.562143 -2.14215 -1.21605 0.06225 -0.40542 0.61965 0.52521 0.41931
1403715580.712143 -2.34750 -1.18795 0.05147 -0.40503 0.65117 0.49821 0.40462
1403715580.862143 -2.52236 -1.16582 0.04392 -0.41054 0.67650 0.47538 0.38448
1403715580.962143 -2.61598 -1.15072 0.04109 -0.41801 0.69322 0.46097 0.36362
1403715581.112143 -2.70750 -1.12698 0.04446 -0.40220 0.70340 0.46708 0.35397
1403715581.262143 -2.74608 -1.08936 0.05540 -0.38389 0.69630 0.47872 0.37232
1403715581.412143 -2.73677 -1.03733 0.06696 -0.38962 0.68029 0.48765 0.38419
1403715581.462143 -2.72551 -1.01736 0.06943 -0.38977 0.67168 0.49640 0.38796
1403715581.562143 -2.69441 -0.97669 0.07200 -0.38634 0.64483 0.52239 0.40255
1403715581.612143 -2.67627 -0.95363 0.06775 -0.38492 0.63005 0.53691 0.40817
1403715581.712143 -2.63955 -0.90735 0.05242 -0.38463 0.59982 0.56665 0.41374
1403715581.812143 -2.60549 -0.85616 0.03328 -0.38519 0.56645 0.59847 0.41544
1403715581.862143 -2.59165 -0.83436 0.02666 -0.38730 0.55048 0.61324 0.41341
1403715581.962143 -2.57312 -0.78486 0.02100 -0.40362 0.52801 0.63292 0.39712
1403715582.012143 -2.56691 -0.75870 0.02311 -0.41703 0.51668 0.63794 0.39009
1403715582.112143 -2.56234 -0.71161 0.03676 -0.44797 0.49307 0.64147 0.38043
1403715582.162143 -2.56191 -0.69139 0.04498 -0.46071 0.48195 0.64264 0.37748
1403715582.262143 -2.56118 -0.65561 0.05231 -0.47608 0.46661 0.64668 0.37072
1403715582.412143 -2.56124 -0.61165 0.03939 -0.46672 0.46329 0.66443 0.35507
1403715582.462143 -2.56179 -0.59743 0.03534 -0.46060 0.46496 0.67036 0.34969
1403715582.562143 -2.56785 -0.57392 0.03063 -0.44898 0.46998 0.67912 0.34107
1403715582.662143 -2.58011 -0.55116 0.03744 -0.44000 0.47565 0.68330 0.33653
1403715582.812143 -2.60935 -0.51352 0.05357 -0.42844 0.48694 0.68423 0.33340
1403715582.962143 -2.64839 -0.46468 0.04487 -0.41046 0.50142 0.68768 0.32741
1403715583.112143 -2.70318 -0.39561 0.01280 -0.40191 0.51165 0.68599 0.32573
1403715583.162143 -2.72690 -0.36232 0.00131 -0.40940 0.51016 0.67958 0.33211
1403715583.262143 -2.77721 -0.29538 -0.02142 -0.43455 0.50505 0.66040 0.34635
1403715583.312143 -2.80306 -0.25909 -0.03318 -0.44860 0.50209 0.64990 0.35256
1403715583.412143 -2.85514 -0.18990 -0.05699 -0.47718 0.49522 0.62868 0.36306
1403715583.512143 -2.90439 -0.12667 -0.08310 -0.49940 0.48665 0.61237 0.37253
1403715583.562143 -2.92624 -0.09902 -0.09524 0.51032 -0.48127 -0.60442 -0.37767
1403715583.662143 -2.96324 -0.05901 -0.11637 0.53784 -0.46214 -0.58275 -0.39694
1403715583.712143 -2.97716 -0.04790 -0.12649 0.55097 -0.45110 -0.57182 -0.40739
1403715583.812143 -2.99820 -0.04934 -0.14766 0.57109 -0.43157 -0.55440 -0.42456
1403715583.862143 -3.00318 -0.06383 -0.15561 0.57863 -0.42543 -0.54836 -0.42838
1403715583.962143 -3.00567 -0.12322 -0.15940 0.58446 -0.42634 -0.54560 -0.42305
1403715584.012143 -2.99962 -0.16842 -0.15449 0.58507 -0.43173 -0.54737 -0.41436
1403715584.112143 -2.97634 -0.28883 -0.13116 0.57630 -0.45070 -0.55915 -0.39000
1403715584.162143 -2.95698 -0.36114 -0.11398 0.56668 -0.46255 -0.56902 -0.37568
1403715584.262143 -2.90682 -0.52385 -0.06872 0.53814 -0.48895 -0.59486 -0.34276
1403715584.362143 -2.84136 -0.69711 -0.02636 0.50739 -0.50920 -0.62019 -0.31407
1403715584.412143 -2.80572 -0.78391 -0.01064 -0.49369 0.51543 0.63044 0.30520
1403715584.512143 -2.73363 -0.95145 0.00406 -0.47312 0.52386 0.64297 0.29718
1403715584.562143 -2.69455 -1.02962 0.00916 -0.46621 0.52560 0.64796 0.29418
1403715584.662143 -2.61044 -1.17977 0.02003 -0.45300 0.52426 0.65736 0.29633
1403715584.712143 -2.56288 -1.25105 0.02544 -0.44393 0.51940 0.66518 0.30115
1403715584.812143 -2.47427 -1.38391 0.03924 -0.42811 0.51334 0.67552 0.31124
1403715584.862143 -2.43057 -1.44725 0.04670 -0.42261 0.51166 0.67852 0.31499
1403715584.962143 -2.34895 -1.56445 0.06127 -0.40508 0.50844 0.68849 0.32153
1403715585.012143 -2.31195 -1.61941 0.06706 -0.39487 0.50932 0.69399 0.32101
1403715585.112143 -2.24509 -1.71353 0.08008 -0.37924 0.51753 0.70076 0.31188
1403715585.212143 -2.18938 -1.78837 0.09543 -0.37105 0.52404 0.70373 0.30409
1403715585.362143 -2.12526 -1.86489 0.12581 -0.38464 0.51620 0.69769 0.31436
1403715585.412143 -2.10796 -1.88185 0.13743 -0.39139 0.51161 0.69483 0.31982
1403715585.562143 -2.07369 -1.91188 0.17009 -0.40956 0.49675 0.68759 0.33575
1403715585.962143 -2.08941 -1.90304 0.15713 -0.43480 0.50392 0.67432 0.31986
1403715586.062143 -2.10431 -1.88514 0.12836 -0.45216 0.51804 0.66043 0.30169
1403715586.212143 -2.11650 -1.84391 0.11004 -0.48092 0.50960 0.63909 0.31715
1403715586.262143 -2.11169 -1.82880 0.11060 -0.48272 0.50128 0.63807 0.32949
1403715586.412143 -2.11107 -1.78805 0.11191 -0.47749 0.47417 0.64166 0.36803
1403715586.812143 -2.12030 -1.77686 0.11145 -0.47302 0.47721 0.64421 0.36540
1403715586.912143 -2.12660 -1.79646 0.11181 -0.46246 0.49255 0.65068 0.34661
1403715587.062143 -2.13510 -1.82952 0.11810 -0.45373 0.50307 0.65414 0.33638
1403715587.212143 -2.14492 -1.85745 0.13189 -0.45944 0.49456 0.64997 0.34910
1403715587.362143 -2.15667 -1.88556 0.15431 -0.47021 0.48518 0.64620 0.35486
1403715587.512143 -2.16744 -1.92143 0.17651 -0.48383 0.49283 0.63863 0.33938
1403715587.662143 -2.16509 -1.96095 0.20044 -0.48694 0.51748 0.62447 0.32426
1403715587.762143 -2.15013 -1.98691 0.21577 -0.47815 0.53795 0.61424 0.32357
1403715587.812143 -2.13856 -1.99565 0.22274 -0.47278 0.54884 0.60655 0.32764
1403715587.962143 -2.08683 -2.03811 0.25059 -0.45110 0.57633 0.57761 0.36156
1403715588.062143 -2.03984 -2.06645 0.26937 -0.43556 0.58964 0.55385 0.39480
1403715588.112143 -2.01284 -2.08496 0.27739 -0.42768 0.59594 0.54119 0.41115
1403715588.212143 -1.95813 -2.11997 0.27804 -0.41234 0.60914 0.51379 0.44153
1403715588.362143 -1.88291 -2.17356 0.23015 -0.38928 0.63567 0.47081 0.47194
1403715588.412143 -1.85782 -2.19626 0.20977 -0.38034 0.64428 0.45779 0.48028
1403715588.512143 -1.80467 -2.25403 0.17228 -0.36206 0.66120 0.43378 0.49353
1403715588.612143 -1.75225 -2.32123 0.13693 -0.34306 0.67900 0.41086 0.50246
1403715588.662143 -1.72668 -2.35818 0.11943 -0.33249 0.68959 0.40082 0.50324
1403715588.762143 -1.67584 -2.43819 0.08545 -0.30665 0.71161 0.38406 0.50207
1403715588.812143 -1.64961 -2.47936 0.06755 -0.29094 0.72328 0.37748 0.49973
1403715588.912143 -1.59709 -2.56316 0.03038 -0.25545 0.74834 0.36610 0.49063
1403715588.962143 -1.56975 -2.60319 0.01096 -0.23809 0.76054 0.36004 0.48505
1403715589.062143 -1.51321 -2.67723 -0.02359 -0.20790 0.78199 0.34485 0.47575
1403715589.112143 -1.48198 -2.70872 -0.03725 -0.19636 0.78954 0.33604 0.47449
1403715589.212143 -1.41373 -2.75892 -0.05218 -0.17878 0.80136 0.31798 0.47409
1403715589.262143 -1.37491 -2.77780 -0.05529 -0.17080 0.80603 0.30929 0.47485
1403715589.362143 -1.28994 -2.80579 -0.05203 -0.15478 0.81774 0.29264 0.47086
1403715589.462143 -1.19540 -2.81916 -0.03929 -0.14161 0.82963 0.27370 0.46557
1403715589.512143 -1.14281 -2.82001 -0.03275 -0.13446 0.83478 0.26554 0.46320
1403715589.662143 -0.96143 -2.79992 0.00014 -0.11931 0.84331 0.24933 0.46090
1403715589.812143 -0.74193 -2.73683 0.07027 -0.12094 0.82597 0.24003 0.49551
1403715589.912143 -0.58098 -2.67827 0.13350 -0.13239 0.80384 0.23289 0.53110
1403715589.962143 -0.49782 -2.64650 0.16301 -0.13821 0.79538 0.22985 0.54354
1403715590.062143 -0.33739 -2.57964 0.21800 -0.14607 0.78473 0.22730 0.55786
1403715590.112143 -0.25872 -2.54469 0.24298 -0.14683 0.78217 0.22856 0.56072
1403715590.212143 -0.10580 -2.47736 0.29067 -0.14529 0.78251 0.23465 0.55813
1403715590.312143 0.04171 -2.40774 0.33460 -0.14277 0.78150 0.24931 0.55382
1403715590.462143 0.24998 -2.28724 0.39836 -0.14002 0.77037 0.28849 0.55109
1403715590.512143 0.31464 -2.24297 0.41862 -0.14233 0.76539 0.30356 0.54934
1403715590.612143 0.43993 -2.14469 0.45800 -0.15027 0.75449 0.33634 0.54317
1403715590.662143 0.49800 -2.09205 0.47645 -0.16057 0.75170 0.34952 0.53572
1403715590.812143 0.65959 -1.91519 0.53184 -0.21116 0.74149 0.37973 0.51128
1403715590.912143 0.75960 -1.78803 0.57089 -0.24502 0.72408 0.40201 0.50405
1403715590.962143 0.80617 -1.72430 0.59117 -0.25883 0.71445 0.41612 0.49942
1403715591.062143 0.89440 -1.59336 0.62700 -0.28154 0.69592 0.44782 0.48568
1403715591.212143 1.01563 -1.39058 0.67545 -0.30632 0.66086 0.50373 0.46443
1403715591.312143 1.08856 -1.25337 0.70485 -0.31781 0.63097 0.54352 0.45328
1403715591.362143 1.11977 -1.18310 0.71810 -0.32567 0.61650 0.56080 0.44651
1403715591.512143 1.19850 -0.96234 0.75316 -0.35091 0.57419 0.60734 0.42227
1403715591.612143 1.23223 -0.81342 0.76512 -0.37065 0.54978 0.63278 0.39994
1403715591.662143 1.24903 -0.73709 0.76598 -0.38167 0.53734 0.64358 0.38909
1403715591.762143 1.26993 -0.58419 0.76155 -0.39936 0.50812 0.66410 0.37589
1403715591.812143 1.27655 -0.50803 0.75666 -0.40673 0.49391 0.67394 0.36936
1403715591.912143 1.28197 -0.35269 0.73500 -0.41956 0.46639 0.69249 0.35624
1403715592.012143 1.27553 -0.19970 0.70159 -0.42746 0.43365 0.71278 0.34809
1403715592.062143 1.26751 -0.12465 0.68116 -0.43106 0.41672 0.72277 0.34370
1403715592.162143 1.23907 0.02271 0.63690 -0.44327 0.38081 0.73937 0.33441
1403715592.212143 1.21768 0.09246 0.61934 -0.45389 0.36107 0.74482 0.32993
1403715592.312143 1.16202 0.22616 0.59292 -0.47208 0.32225 0.75646 0.31791
1403715592.362143 1.12711 0.28613 0.58372 -0.47909 0.30343 0.76285 0.31057
1403715592.512143 0.99798 0.44088 0.57329 -0.49476 0.24686 0.78230 0.28684
1403715592.612143 0.89483 0.52085 0.56955 0.50535 -0.20833 -0.79209 -0.27169
1403715592.662143 0.83875 0.55238 0.56640 0.50971 -0.18808 -0.79678 -0.26450
1403715592.762143 0.71514 0.60268 0.56188 0.51870 -0.15081 -0.80549 -0.24372
1403715592.862143 0.57947 0.63190 0.55785 0.53073 -0.13052 -0.81305 -0.20060
1403715592.912143 0.50887 0.63776 0.55756 0.53691 -0.12443 -0.81622 -0.17331
1403715593.012143 0.36299 0.64301 0.55459 0.54879 -0.11099 -0.82000 -0.11878
1403715593.062143 0.28936 0.64009 0.55516 0.55470 -0.10138 -0.82051 -0.09372
1403715593.162143 0.14200 0.63469 0.55471 0.56348 -0.07226 -0.82116 -0.05445
1403715593.212143 0.06906 0.63137 0.55435 0.56763 -0.05476 -0.82052 -0.03930
1403715593.312143 -0.07239 0.63171 0.54445 0.57090 -0.01686 -0.82067 -0.01720
1403715593.462143 -0.28820 0.60168 0.55148 0.57151 0.05135 -0.81896 -0.00671
1403715593.612143 -0.49499 0.57958 0.54811 0.57485 0.11102 -0.81057 0.01390
1403715593.712143 -0.62419 0.54961 0.54425 0.58574 0.14316 -0.79690 0.03707
1403715593.762143 -0.68467 0.52784 0.54440 0.59008 0.15864 -0.79007 0.04930
1403715593.862143 -0.80116 0.47897 0.54436 0.59295 0.19316 -0.77845 0.07153
1403715594.012143 -0.95384 0.39059 0.53660 0.57963 0.24727 -0.76883 0.10855
1403715594.062143 -1.00200 0.35662 0.53227 0.57186 0.26411 -0.76701 0.12214
1403715594.212143 -1.12254 0.24587 0.53150 0.55002 0.31036 -0.75845 0.16099
1403715594.312143 -1.19675 0.16551 0.53260 0.53911 0.33969 -0.74858 0.18329
1403715594.362143 -1.22784 0.11920 0.53080 0.53567 0.35487 -0.74148 0.19324
1403715594.462143 -1.28631 0.02580 0.53017 0.52839 0.38800 -0.72531 0.21021
1403715594.612143 -1.35455 -0.12388 0.53599 0.51607 0.44265 -0.69526 0.23313
1403715594.762143 -1.39624 -0.29451 0.52768 -0.47880 -0.49283 0.67766 -0.26201
1403715594.862143 -1.41056 -0.41423 0.52272 -0.44665 -0.51837 0.66916 -0.28987
1403715594.912143 -1.41547 -0.48063 0.51845 -0.43195 -0.53147 0.66291 -0.30251
1403715595.062143 -1.42416 -0.68730 0.51422 -0.39804 -0.57094 0.63554 -0.33420
1403715595.212143 -1.42620 -0.92253 0.51201 0.37098 0.60150 -0.60105 0.37324
1403715595.312143 -1.42815 -1.08916 0.50546 0.35625 0.62055 -0.57296 0.39966
1403715595.412143 -1.42839 -1.26154 0.49976 0.34243 0.63873 -0.54181 0.42568
1403715595.562143 -1.42570 -1.51662 0.48334 0.32832 0.66582 -0.48600 0.46119
1403715595.712143 -1.43142 -1.78101 0.47913 0.34165 0.69441 -0.40598 0.48605
1403715595.862143 -1.41783 -2.00791 0.47296 0.35736 0.71008 -0.32323 0.51343
1403715595.912143 -1.40816 -2.07146 0.47428 0.36158 0.71043 -0.29882 0.52465
1403715596.012143 -1.38486 -2.17478 0.48087 0.36093 0.70040 -0.26085 0.55779
1403715596.062143 -1.37171 -2.21406 0.48771 0.35520 0.69157 -0.24763 0.57813
1403715596.162143 -1.34924 -2.25889 0.50597 0.33976 0.68092 -0.23290 0.60553
1403715596.262143 -1.33345 -2.26573 0.53120 0.32071 0.69712 -0.23333 0.59727
1403715596.462143 -1.30928 -2.19646 0.59242 0.24980 0.77249 -0.26138 0.52205
1403715596.562143 -1.28935 -2.13860 0.62389 0.21363 0.79947 -0.26819 0.49324
1403715596.712143 -1.24201 -2.06179 0.66562 0.16984 0.82892 -0.26313 0.46347
1403715596.862143 -1.15291 -2.00075 0.71048 0.13584 0.84908 -0.24779 0.44633
1403715596.912143 -1.11340 -1.98552 0.72428 0.12640 0.85465 -0.24358 0.44076
1403715597.012143 -1.01790 -1.96332 0.75063 0.11384 0.86332 -0.23527 0.43170
1403715597.162143 -0.82959 -1.95752 0.78875 0.10715 0.85996 -0.22494 0.44541
1403715597.262143 -0.67659 -1.97323 0.81448 0.10237 0.84480 -0.21779 0.47791
1403715597.462143 -0.34355 -2.03147 0.86459 0.08770 0.80926 -0.19078 0.54864
1403715597.562143 -0.17550 -2.07033 0.88912 0.08218 0.79807 -0.16576 0.57345
1403715597.712143 0.06638 -2.13106 0.91145 0.06581 0.79925 -0.12621 0.58390
1403715597.762143 0.14517 -2.15276 0.91783 0.05995 0.80174 -0.11443 0.58354
1403715597.962143 0.43755 -2.24474 0.94314 0.04419 0.79949 -0.08256 0.59333
1403715598.012143 0.50541 -2.26935 0.94755 0.04270 0.79704 -0.07783 0.59737
1403715598.112143 0.63875 -2.31490 0.95887 0.04534 0.79434 -0.06882 0.60186
1403715598.262143 0.82349 -2.37281 0.95394 0.04860 0.78188 -0.06275 0.61835
1403715598.312143 0.87343 -2.39986 0.95513 0.04951 0.77517 -0.06240 0.62671
1403715598.462143 1.01853 -2.45549 0.93387 0.04767 0.74658 -0.06614 0.66028
1403715598.562143 1.08883 -2.49124 0.91880 0.04445 0.73252 -0.07102 0.67557
1403715598.712143 1.14718 -2.53516 0.89361 0.04916 0.74380 -0.07451 0.66242
1403715598.812143 1.15816 -2.56574 0.87132 0.05259 0.76692 -0.07617 0.63504
1403715598.862143 1.16246 -2.57339 0.85777 0.05406 0.77665 -0.07667 0.62290
1403715598.962143 1.14986 -2.59756 0.82988 0.05780 0.79057 -0.07631 0.60484
1403715599.012143 1.14105 -2.60768 0.81472 0.05942 0.79482 -0.07569 0.59917
1403715599.112143 1.11853 -2.62292 0.78267 0.06160 0.79732 -0.07473 0.59574
1403715599.262143 1.07745 -2.63571 0.73042 0.05366 0.80283 -0.08094 0.58825
1403715599.312143 1.05466 -2.64489 0.70799 0.04785 0.80519 -0.08462 0.58500
1403715599.412143 1.02133 -2.65241 0.66093 0.03344 0.80677 -0.09423 0.58234
1403715599.562143 0.96195 -2.67560 0.58941 0.01460 0.80378 -0.10649 0.58514
1403715599.712143 0.89341 -2.71532 0.52432 0.00835 0.79509 -0.11114 0.59616
1403715599.812143 0.84275 -2.75192 0.48353 0.01722 0.79038 -0.10627 0.60308
1403715599.862143 0.81456 -2.77462 0.45847 0.02632 0.79044 -0.10074 0.60362
1403715599.962143 0.75299 -2.82073 0.41599 0.04249 0.79839 -0.09102 0.59370
1403715600.012143 0.72261 -2.84389 0.39308 0.04902 0.80273 -0.08729 0.58788
1403715600.262143 0.55925 -2.94534 0.28219 0.08784 0.81571 -0.02531 0.57118
1403715600.312143 0.52884 -2.95266 0.26797 0.08747 0.81724 -0.00994 0.56953
1403715600.412143 0.46916 -2.95912 0.22789 0.07497 0.82025 0.02029 0.56670
1403715600.562143 0.38423 -2.93888 0.16050 0.02112 0.83323 0.05148 0.55012
1403715600.712143 0.31199 -2.89330 0.11078 -0.03386 0.83838 0.08793 0.53688
1403715600.962143 0.22888 -2.78477 0.09517 -0.09254 0.82129 0.16815 0.53726
1403715601.012143 0.22105 -2.75904 0.10348 -0.10082 0.81707 0.18108 0.53800
1403715601.112143 0.20767 -2.70758 0.12833 -0.11339 0.80865 0.20083 0.54120
1403715601.262143 0.19811 -2.62070 0.18164 -0.11716 0.80014 0.22035 0.54544
1403715601.512143 0.17562 -2.44577 0.28909 -0.12110 0.79422 0.23256 0.54815
1403715601.812143 0.14528 -2.18789 0.39275 -0.13487 0.79008 0.22315 0.55478
1403715602.012143 0.11729 -2.00703 0.45876 -0.13308 0.77528 0.20175 0.58355
1403715602.362143 0.00040 -1.71745 0.53432 -0.10158 0.78032 0.12817 0.60362
1403715602.412143 -0.02647 -1.68285 0.54149 -0.09114 0.78886 0.11858 0.59610
1403715602.512143 -0.08189 -1.61691 0.55188 -0.07207 0.80425 0.09804 0.58170
1403715602.662143 -0.16773 -1.52266 0.56325 -0.03863 0.81388 0.07020 0.57549
1403715602.812143 -0.25162 -1.43126 0.55193 -0.00648 0.81854 0.03937 0.57306
1403715602.962143 -0.33618 -1.32343 0.50747 0.01770 0.82316 0.00438 0.56751
1403715603.062143 -0.38590 -1.25045 0.46398 0.03303 0.82269 -0.01762 0.56725
1403715603.212143 -0.45686 -1.12980 0.39425 0.05573 0.82138 -0.05192 0.56527
1403715603.512143 -0.58026 -0.87755 0.27318 0.07429 0.82340 -0.10467 0.55275
1403715603.662143 -0.62634 -0.74967 0.22607 0.06056 0.81964 -0.12929 0.55480
1403715603.812143 -0.66407 -0.63889 0.19029 0.04638 0.81187 -0.14785 0.56290
1403715603.912143 -0.69091 -0.57522 0.17644 0.03628 0.81682 -0.15652 0.55406
1403715604.062143 -0.72427 -0.50373 0.17198 0.03945 0.83146 -0.15382 0.53241
1403715604.212143 -0.74224 -0.45837 0.17017 0.06527 0.83170 -0.13598 0.53434
1403715604.362143 -0.74283 -0.42641 0.16188 0.07681 0.82758 -0.12829 0.54106
1403715604.662143 -0.70545 -0.37644 0.13584 0.08365 0.81529 -0.12425 0.55935
1403715604.912143 -0.65583 -0.33671 0.11391 0.08732 0.81236 -0.12177 0.56358
1403715605.062143 -0.62284 -0.31250 0.10540 0.08641 0.81593 -0.12131 0.55864
1403715605.212143 -0.58190 -0.28798 0.10460 0.08569 0.81370 -0.11923 0.56243
1403715605.362143 -0.53986 -0.25846 0.10534 0.07648 0.81050 -0.12189 0.56779
1403715605.512143 -0.49670 -0.24058 0.09982 0.06643 0.81028 -0.12452 0.56880
1403715605.762143 -0.41918 -0.20232 0.04607 0.06929 0.81223 -0.11854 0.56695
1403715605.962143 -0.35281 -0.18231 0.00986 0.07791 0.81071 -0.11053 0.56962
1403715606.212143 -0.27440 -0.15673 -0.05527 0.07730 0.81004 -0.10648 0.57142
1403715606.362143 -0.22870 -0.13663 -0.09163 0.06602 0.80984 -0.11054 0.57234
1403715606.462143 -0.19980 -0.12569 -0.10309 0.06133 0.80934 -0.11166 0.57335
1403715606.612143 -0.16244 -0.11195 -0.10208 0.05354 0.80731 -0.11235 0.57685
1403715606.762143 -0.12848 -0.10369 -0.11216 0.04181 0.80500 -0.11520 0.58047
1403715606.912143 -0.10050 -0.10621 -0.12893 0.04422 0.79851 -0.10984 0.59022
1403715607.062143 -0.08848 -0.11487 -0.14724 0.06081 0.80017 -0.09640 0.58884
1403715607.212143 -0.08349 -0.11898 -0.16805 0.06673 0.80561 -0.09025 0.58171
1403715607.312143 -0.08093 -0.11839 -0.18048 0.06740 0.80740 -0.08960 0.57926
1403715607.612143 -0.08829 -0.10201 -0.19981 0.06972 0.80728 -0.09077 0.57896
1403715607.762143 -0.09505 -0.08468 -0.20607 0.07135 0.80788 -0.09210 0.57772
1403715607.912143 -0.10391 -0.06269 -0.22747 0.07073 0.80995 -0.09110 0.57505
