1403636863.451667 -0.00822 0.00841 0.00761 0.02361 0.82238 0.00213 0.56845
1403636863.551666 -0.01358 0.01036 -0.06418 0.01550 0.82892 -0.00268 0.55914
1403636863.751667 -0.04780 0.01701 -0.17757 -0.00400 0.84532 -0.00982 0.53415
1403636864.001667 -0.05801 0.01439 -0.16945 -0.00936 0.85593 -0.00621 0.51697
1403636864.051666 -0.05940 0.01440 -0.14225 -0.01033 0.85444 -0.00417 0.51943
1403636864.251667 -0.05843 0.01295 -0.00382 0.00318 0.84601 0.00120 0.53316
1403636864.401666 -0.06063 0.01741 0.09062 0.00101 0.84055 -0.00111 0.54174
1403636864.601666 -0.05985 0.02287 0.17081 -0.00371 0.81814 -0.01354 0.57485
1403636864.851666 -0.07149 0.02900 0.10287 0.00862 0.81818 -0.00436 0.57488
1403636865.001667 -0.07580 0.02589 0.01262 0.01572 0.82706 -0.00592 0.56186
1403636865.251667 -0.09471 0.02924 -0.12968 -0.00809 0.84060 -0.01959 0.54124
1403636865.551666 -0.10696 0.03113 -0.17981 -0.00315 0.85041 -0.01261 0.52596
1403636865.701667 -0.10203 0.03334 -0.11644 -0.00693 0.85263 -0.00726 0.52242
1403636866.001667 -0.11434 0.04170 0.07858 -0.01385 0.82156 -0.01264 0.56981
1403636866.151666 -0.11214 0.04169 0.16761 -0.00911 0.79963 -0.01541 0.60023
1403636866.401666 -0.11923 0.04143 0.18053 0.00715 0.80157 -0.01194 0.59773
1403636866.551666 -0.11820 0.03938 0.10957 0.01132 0.81178 -0.01049 0.58376
1403636866.701667 -0.12595 0.03272 0.02693 0.01658 0.82252 -0.01117 0.56839
1403636866.951667 -0.15407 0.02927 -0.06701 -0.00561 0.83961 -0.00602 0.54313
1403636867.251667 -0.18225 0.03260 -0.10605 -0.02219 0.85505 -0.00143 0.51808
1403636867.551666 -0.19344 0.03250 -0.08527 -0.01971 0.87395 0.00529 0.48560
1403636867.801666 -0.22146 0.03147 -0.09417 -0.01717 0.93082 0.00183 0.36507
1403636868.101666 -0.22051 0.03285 -0.08528 -0.01585 0.93862 -0.01047 0.34443
1403636868.251667 -0.22664 0.03510 -0.08068 -0.01832 0.93441 -0.00983 0.35558
1403636868.401666 -0.23987 0.04219 -0.07806 -0.02152 0.93580 -0.01545 0.35152
1403636868.801666 -0.27004 0.06665 -0.06455 -0.01291 0.93275 -0.02049 0.35972
1403636869.101666 -0.27654 0.07936 -0.06073 -0.01662 0.93008 -0.01260 0.36676
1403636869.351666 -0.27415 0.08252 -0.06430 -0.02066 0.93010 -0.00806 0.36663
1403636869.651666 -0.27493 0.06239 -0.06288 -0.02029 0.93098 -0.00774 0.36443
1403636869.701667 -0.26883 0.05341 -0.06551 -0.01921 0.93191 -0.00882 0.36208
1403636870.001667 -0.24355 -0.05274 -0.06234 -0.00993 0.92878 -0.02714 0.36950
1403636870.251667 -0.21303 -0.17788 -0.06013 0.00203 0.93168 -0.04266 0.36076
1403636870.401666 -0.19477 -0.25439 -0.05778 0.00826 0.92787 -0.04925 0.36955
1403636870.501667 -0.18482 -0.29977 -0.06009 0.01101 0.92709 -0.05451 0.37070
1403636870.551666 -0.18161 -0.31796 -0.06208 0.00983 0.92798 -0.05937 0.36774
1403636870.701667 -0.17404 -0.36578 -0.06694 0.02129 0.93032 -0.06588 0.36015
1403636870.801666 -0.16812 -0.38560 -0.07005 0.01912 0.92681 -0.07020 0.36842
1403636870.951667 -0.16491 -0.40038 -0.07666 0.01376 0.92132 -0.07199 0.38183
1403636871.101666 -0.16600 -0.40129 -0.08412 0.00948 0.92335 -0.07729 0.37597
1403636871.201667 -0.16735 -0.39689 -0.08502 0.01570 0.92699 -0.08002 0.36611
1403636871.351666 -0.16956 -0.37550 -0.08003 0.01611 0.92657 -0.07959 0.36726
1403636871.501667 -0.17428 -0.33225 -0.07611 0.01511 0.92654 -0.07269 0.36879
1403636871.651666 -0.18169 -0.26793 -0.07205 0.00939 0.92773 -0.06957 0.36659
1403636871.701667 -0.18451 -0.24249 -0.07036 0.00502 0.92829 -0.06794 0.36556
1403636871.801666 -0.18953 -0.18840 -0.06763 -0.00274 0.92877 -0.06360 0.36514
1403636871.901666 -0.19317 -0.13267 -0.06729 -0.00623 0.92860 -0.05657 0.36669
1403636871.951667 -0.19455 -0.10290 -0.06753 -0.00950 0.92784 -0.05361 0.36899
1403636872.051666 -0.19516 -0.04331 -0.06948 -0.01985 0.92532 -0.04791 0.37563
1403636872.101666 -0.19549 -0.01425 -0.07127 -0.02391 0.92435 -0.04400 0.37825
1403636872.251667 -0.19853 0.06361 -0.07809 -0.03064 0.92518 -0.03372 0.37677
1403636872.351666 -0.20244 0.10792 -0.08389 -0.03561 0.92830 -0.02571 0.36922
1403636872.501667 -0.20578 0.15063 -0.08877 -0.04045 0.93047 -0.01802 0.36367
1403636872.651666 -0.20772 0.16048 -0.08648 -0.04165 0.92836 -0.01179 0.36915
1403636872.901666 -0.20363 0.11883 -0.08311 -0.03432 0.92860 -0.01606 0.36915
1403636873.251667 -0.18005 -0.05765 -0.08556 -0.01840 0.92957 -0.03903 0.36610
1403636873.501667 -0.16433 -0.20892 -0.08700 -0.00859 0.93034 -0.05688 0.36216
1403636873.601666 -0.16194 -0.26190 -0.09038 -0.00136 0.93164 -0.06406 0.35770
1403636873.651666 -0.16138 -0.28510 -0.09268 0.00243 0.93215 -0.06686 0.35584
1403636873.751667 -0.16145 -0.32312 -0.09788 0.00429 0.93313 -0.07181 0.35227
1403636873.801666 -0.16198 -0.33797 -0.09990 0.00443 0.93365 -0.07157 0.35093
1403636873.901666 -0.16297 -0.35582 -0.10338 0.00431 0.93348 -0.07393 0.35091
1403636874.051666 -0.16307 -0.36204 -0.10699 0.00721 0.93251 -0.07798 0.35256
1403636874.201667 -0.16236 -0.35075 -0.10692 0.00622 0.93333 -0.07703 0.35060
1403636874.451667 -0.16204 -0.27353 -0.10386 -0.00437 0.93555 -0.06433 0.34727
1403636874.501667 -0.16176 -0.24945 -0.10321 -0.00627 0.93513 -0.06132 0.34891
1403636874.601666 -0.16221 -0.19592 -0.10167 -0.00895 0.93385 -0.05559 0.35321
1403636874.651666 -0.16354 -0.16603 -0.10159 -0.01223 0.93335 -0.05209 0.35496
1403636874.751667 -0.16534 -0.10486 -0.10323 -0.01821 0.93295 -0.04502 0.35672
1403636874.801666 -0.16589 -0.07472 -0.10504 -0.02127 0.93298 -0.04177 0.35685
1403636874.901666 -0.16730 -0.01774 -0.11023 -0.03023 0.93365 -0.03782 0.35489
1403636874.951667 -0.16781 0.00713 -0.11233 -0.03366 0.93379 -0.03646 0.35436
1403636875.051666 -0.16663 0.04730 -0.11538 -0.03563 0.93128 -0.03568 0.36080
1403636875.101666 -0.16078 0.06319 -0.11725 -0.03332 0.92823 -0.03897 0.36847
1403636875.301666 -0.16644 0.11074 -0.12223 -0.01663 0.91457 -0.07905 0.39628
1403636875.651666 -0.25028 0.14041 -0.12843 -0.02252 0.91150 -0.14693 0.38350
1403636875.901666 -0.35155 0.08755 -0.12813 0.00362 0.90614 -0.18592 0.37991
1403636876.051666 -0.40517 0.03303 -0.12217 0.02883 0.89928 -0.21875 0.37765
1403636876.151666 -0.42897 -0.01200 -0.11542 0.04907 0.89112 -0.24019 0.38184
1403636876.201667 -0.43583 -0.03566 -0.11253 0.05675 0.88748 -0.24971 0.38315
1403636876.301666 -0.43831 -0.08643 -0.11005 0.06794 0.88315 -0.26577 0.38051
1403636876.351666 -0.43462 -0.11329 -0.11015 0.07205 0.88207 -0.27307 0.37709
1403636876.451667 -0.41503 -0.17066 -0.11089 0.08122 0.88099 -0.28228 0.37091
1403636876.501667 -0.40074 -0.19998 -0.11065 0.08735 0.88032 -0.28268 0.37080
1403636876.601666 -0.36090 -0.25463 -0.10866 0.09708 0.87786 -0.27658 0.37873
1403636876.651666 -0.33709 -0.27915 -0.10672 0.09970 0.87694 -0.27055 0.38451
1403636876.751667 -0.28242 -0.31488 -0.10227 0.09748 0.87783 -0.25398 0.39423
1403636876.801666 -0.25414 -0.32628 -0.10022 0.09518 0.87951 -0.24263 0.39816
1403636876.901666 -0.19619 -0.33056 -0.09799 0.08765 0.88342 -0.21591 0.40654
1403636877.001667 -0.13920 -0.31276 -0.09854 0.07297 0.88673 -0.18542 0.41714
1403636877.051666 -0.11282 -0.29631 -0.09932 0.06357 0.88901 -0.16742 0.42142
1403636877.151666 -0.06551 -0.24985 -0.10069 0.04132 0.89378 -0.12834 0.42776
1403636877.201667 -0.04605 -0.22091 -0.10152 0.02814 0.89603 -0.10922 0.42943
1403636877.301666 -0.01563 -0.15528 -0.10181 0.00381 0.89956 -0.07260 0.43071
1403636877.351666 -0.00713 -0.11953 -0.10164 -0.00714 0.90098 -0.05389 0.43045
1403636877.451667 -0.00235 -0.04792 -0.10218 -0.02830 0.90341 -0.01999 0.42737
1403636877.501667 -0.00711 -0.01361 -0.10326 -0.03865 0.90479 -0.00577 0.42405
1403636877.601666 -0.02729 0.04904 -0.10768 -0.05698 0.90851 0.01369 0.41372
1403636877.651666 -0.04686 0.07750 -0.10859 -0.06398 0.91042 0.02046 0.40820
1403636877.751667 -0.08455 0.11990 -0.11235 -0.07645 0.91397 0.02537 0.39771
1403636877.901666 -0.15931 0.15880 -0.11612 -0.07786 0.91987 0.01528 0.38413
1403636878.051666 -0.23808 0.16528 -0.12305 -0.06218 0.92564 -0.00784 0.37319
1403636878.201667 -0.30753 0.13685 -0.13056 -0.03956 0.92554 -0.04406 0.37400
1403636878.351666 -0.36296 0.07760 -0.13710 -0.02249 0.92118 -0.08458 0.37918
1403636878.451667 -0.38862 0.02454 -0.13874 -0.00939 0.91776 -0.11198 0.38090
1403636878.501667 -0.39781 -0.00543 -0.13780 -0.00099 0.91610 -0.12387 0.38134
1403636878.601666 -0.40459 -0.06848 -0.13251 0.01681 0.91215 -0.14671 0.38233
1403636878.701667 -0.39695 -0.13237 -0.12398 0.03557 0.90765 -0.16410 0.38468
1403636878.751667 -0.38926 -0.16402 -0.11867 0.04449 0.90527 -0.16975 0.38691
1403636878.851666 -0.36495 -0.22200 -0.10933 0.05588 0.90091 -0.17858 0.39160
1403636878.901666 -0.35044 -0.24829 -0.10619 0.05748 0.89990 -0.18154 0.39232
1403636879.001667 -0.31604 -0.29238 -0.10175 0.05803 0.90007 -0.18399 0.39071
1403636879.051666 -0.29650 -0.31043 -0.09954 0.05712 0.90001 -0.18466 0.39067
1403636879.151666 -0.25273 -0.33533 -0.09287 0.05428 0.89690 -0.18225 0.39925
1403636879.301666 -0.18289 -0.34513 -0.08148 0.05140 0.89028 -0.16775 0.42026
1403636879.351666 -0.16157 -0.34031 -0.07789 0.04890 0.88946 -0.15817 0.42598
1403636879.451667 -0.12294 -0.31791 -0.07173 0.03852 0.88967 -0.13443 0.43467
1403636879.601666 -0.08353 -0.25682 -0.06419 0.01499 0.89396 -0.09360 0.43801
1403636879.751667 -0.07130 -0.17290 -0.05479 -0.01449 0.89745 -0.06350 0.43627
1403636879.851666 -0.07917 -0.11313 -0.05157 -0.02986 0.90104 -0.04698 0.43016
1403636880.001667 -0.11742 -0.03892 -0.05032 -0.04183 0.90747 -0.03206 0.41680
1403636880.051666 -0.13638 -0.02221 -0.04967 -0.04430 0.90908 -0.02911 0.41324
1403636880.201667 -0.20229 -0.00485 -0.04662 -0.03995 0.91072 -0.03206 0.40983
1403636880.451667 -0.32311 -0.04583 -0.03723 0.00309 0.90316 -0.08104 0.42157
1403636880.701667 -0.44358 -0.04790 -0.01523 0.03491 0.90181 -0.12031 0.41359
1403636880.751667 -0.46456 -0.03723 -0.01220 0.03515 0.90329 -0.12407 0.40920
1403636880.851666 -0.49635 -0.00706 -0.00816 0.02957 0.90564 -0.12442 0.40430
1403636881.001667 -0.51455 0.04858 -0.00486 0.01625 0.90376 -0.10982 0.41338
1403636881.251667 -0.47552 0.13739 -0.00027 -0.01507 0.89669 -0.06001 0.43832
1403636881.301666 -0.45486 0.15039 -0.00118 -0.02271 0.89622 -0.04848 0.44036
1403636881.401666 -0.42306 0.16206 0.00506 -0.03117 0.89566 -0.02839 0.44273
1403636881.751667 -0.25321 0.08544 0.00468 -0.02135 0.88983 0.01486 0.45554
1403636882.251667 -0.15593 -0.14727 -0.04512 0.00401 0.88918 -0.03145 0.45646
1403636882.401666 -0.18628 -0.17173 -0.06741 0.00496 0.88540 -0.03459 0.46351
1403636882.551666 -0.21343 -0.16001 -0.08841 -0.01062 0.88273 -0.02832 0.46890
1403636882.701667 -0.21097 -0.13305 -0.10417 -0.02675 0.87084 -0.01409 0.49064
1403636882.951667 -0.16186 -0.08632 -0.14767 -0.06931 0.83581 0.03329 0.54361
1403636883.001667 -0.15353 -0.07795 -0.15944 -0.07788 0.83373 0.04305 0.54496
1403636883.251667 -0.10942 -0.04298 -0.21718 -0.09289 0.82367 0.08268 0.55327
1403636883.551666 -0.08290 -0.02396 -0.25573 -0.10859 0.80842 0.09994 0.56980
1403636883.701667 -0.07786 -0.02074 -0.26303 -0.11420 0.80170 0.11167 0.57598
1403636884.101666 -0.07275 -0.01974 -0.27337 -0.13251 0.79255 0.12169 0.58266
1403636897.401666 -0.08747 -0.03181 -0.27176 -0.12697 0.79016 0.12552 0.58633
1403636897.451667 -0.09423 -0.03753 -0.27062 -0.12359 0.79277 0.12424 0.58378
1403636897.851666 -0.14315 -0.09296 -0.24459 -0.08645 0.82491 0.13156 0.54291
1403636898.001667 -0.15171 -0.10811 -0.21224 -0.08682 0.82174 0.13505 0.54677
1403636898.151666 -0.15316 -0.11840 -0.19126 -0.09310 0.81396 0.13559 0.55714
1403636898.551666 -0.13209 -0.12363 -0.12306 -0.10279 0.81161 0.14483 0.55655
1403636898.851666 -0.10084 -0.11493 -0.06505 -0.10759 0.81198 0.14952 0.55385
1403636899.101666 -0.05735 -0.10423 -0.02932 -0.11657 0.81382 0.13640 0.55272
1403636899.451667 0.02575 -0.11527 0.00938 -0.07540 0.80625 0.07861 0.58146
1403636899.851666 0.09837 -0.15951 0.03371 -0.04948 0.82224 0.03219 0.56608
1403636899.951667 0.12447 -0.18215 0.03130 -0.04156 0.82048 0.03260 0.56924
1403636900.251667 0.19591 -0.24978 0.04487 -0.03469 0.80930 0.03605 0.58526
1403636900.701667 0.25786 -0.33380 0.13857 -0.04188 0.82441 0.04594 0.56258
1403636900.951667 0.31055 -0.38364 0.14535 -0.05688 0.82485 0.04082 0.56100
1403636901.301666 0.41519 -0.48997 0.14085 -0.05965 0.81996 0.03845 0.56801
1403636901.801666 0.59854 -0.69970 0.16143 -0.04706 0.81558 0.04549 0.57493
1403636902.251667 0.75748 -0.89391 0.12574 -0.04589 0.81467 0.04939 0.57599
1403636902.651666 0.88746 -1.06150 0.05149 -0.03502 0.81592 0.04771 0.57513
1403636903.101666 1.01578 -1.23057 0.03191 -0.03903 0.81263 0.04794 0.57949
1403636903.401666 1.10527 -1.34766 0.09248 -0.04019 0.81556 0.05533 0.57462
1403636903.851666 1.21876 -1.48526 0.11113 -0.05137 0.82274 0.05150 0.56374
1403636904.101666 1.29176 -1.55774 0.14375 -0.05858 0.81838 0.04631 0.56980
1403636904.551666 1.45280 -1.72841 0.24531 -0.05280 0.81601 0.04409 0.57393
1403636905.051666 1.63987 -1.96546 0.28927 -0.03447 0.81676 0.04633 0.57408
1403636905.651666 1.85030 -2.17858 0.36111 -0.02626 0.82041 0.05900 0.56812
1403636905.951667 1.96482 -2.24129 0.36213 -0.03891 0.82266 0.06201 0.56380
1403636906.351666 2.13873 -2.29148 0.33284 -0.04494 0.81717 0.06473 0.57098
1403636906.751667 2.31553 -2.32584 0.35308 -0.05525 0.81772 0.05569 0.57025
1403636907.201667 2.52499 -2.38785 0.34711 -0.04408 0.82158 0.06980 0.56409
1403636907.401666 2.62399 -2.40277 0.33798 -0.05138 0.82613 0.06744 0.55707
1403636907.901666 2.91837 -2.46257 0.40594 -0.06745 0.82491 0.05816 0.55820
1403636908.351666 3.23561 -2.55199 0.41573 -0.05563 0.81476 0.07662 0.57202
1403636908.601666 3.41489 -2.60265 0.40385 -0.05974 0.81634 0.08109 0.56872
1403636908.801666 3.55798 -2.64130 0.40582 -0.06365 0.82037 0.08315 0.56217
1403636909.301666 3.93644 -2.72888 0.48653 -0.07028 0.82536 0.07874 0.55465
1403636909.601666 4.18379 -2.78661 0.48816 -0.06593 0.81970 0.07729 0.56371
1403636909.901666 4.43649 -2.85198 0.44276 -0.05105 0.80884 0.08370 0.57979
1403636910.201667 4.67382 -2.90390 0.36948 -0.04956 0.80799 0.08582 0.58080
1403636910.351666 4.77922 -2.91865 0.35483 -0.05712 0.81382 0.08243 0.57240
1403636910.801666 5.09000 -2.94846 0.33537 -0.06013 0.81612 0.08578 0.56830
1403636911.001667 5.22665 -2.95442 0.30445 -0.06884 0.81079 0.08087 0.57562
1403636911.301666 5.40333 -2.97200 0.28820 -0.06557 0.81242 0.08349 0.57333
1403636911.601666 5.55984 -2.99411 0.32351 -0.06044 0.81503 0.08583 0.56984
1403636911.851666 5.70011 -3.00972 0.33457 -0.06749 0.81585 0.07984 0.56874
1403636912.001667 5.79797 -3.01969 0.32089 -0.07441 0.81970 0.07340 0.56318
1403636912.201667 5.92424 -3.04001 0.30055 -0.06870 0.81852 0.07589 0.56528
1403636912.451667 6.06033 -3.07262 0.30984 -0.06582 0.81679 0.07628 0.56807
1403636912.701667 6.18780 -3.10952 0.29970 -0.07407 0.81745 0.06748 0.56722
1403636912.901666 6.26466 -3.14169 0.26542 -0.07464 0.81620 0.06530 0.56920
1403636913.001667 6.29937 -3.15856 0.24603 -0.06830 0.81237 0.06915 0.57498
1403636913.451667 6.51379 -3.28143 0.19218 -0.06726 0.81251 0.07065 0.57473
1403636913.701667 6.64751 -3.36424 0.18519 -0.06155 0.81436 0.07257 0.57251
1403636913.901666 6.74172 -3.43060 0.16512 -0.05899 0.81328 0.07424 0.57409
1403636914.401666 6.98437 -3.61990 0.16974 -0.05806 0.81296 0.07486 0.57455
1403636914.601666 7.08383 -3.69939 0.17478 -0.05447 0.81271 0.07684 0.57501
1403636914.751667 7.14809 -3.75374 0.19598 -0.05307 0.81121 0.07666 0.57727
1403636915.251667 7.33122 -3.91891 0.20426 -0.04854 0.82047 0.07445 0.56474
1403636915.551666 7.45357 -4.00205 0.16892 -0.05511 0.82169 0.07023 0.56290
1403636915.851666 7.59819 -4.08033 0.18939 -0.06997 0.81317 0.06185 0.57449
1403636916.301666 7.80878 -4.24716 0.25348 -0.05318 0.81217 0.07670 0.57591
1403636916.451667 7.87635 -4.29947 0.27939 -0.04801 0.81239 0.07685 0.57603
1403636916.851666 8.01988 -4.41485 0.29649 -0.01893 0.81452 0.04017 0.57844
1403636917.301666 8.15401 -4.48828 0.22037 -0.00911 0.81445 0.01441 0.57999
1403636917.701667 8.24933 -4.53953 0.10319 0.02967 0.81151 -0.04094 0.58215
1403636917.951667 8.29393 -4.55685 0.08165 0.04432 0.80935 -0.05633 0.58293
1403636918.151666 8.32376 -4.56504 0.06577 0.05099 0.81147 -0.05946 0.57912
1403636918.551666 8.37507 -4.55252 0.06238 0.05337 0.82647 -0.05502 0.55773
1403636919.101666 8.51208 -4.49127 0.24963 0.01951 0.80762 -0.08717 0.58289
1403636919.501667 8.58504 -4.53619 0.41160 0.04552 0.80420 -0.09493 0.58496
1403636920.101666 8.58669 -4.65364 0.46483 0.05188 0.79890 -0.09737 0.59125
1403636920.401666 8.54203 -4.71935 0.41733 0.06036 0.79938 -0.08827 0.59123
1403636920.551666 8.51024 -4.75584 0.39846 0.06596 0.80412 -0.08296 0.58494
1403636920.951667 8.39521 -4.83031 0.42890 0.06433 0.81682 -0.08546 0.56689
1403636921.251667 8.32395 -4.86236 0.46947 0.06556 0.81215 -0.08649 0.57327
1403636921.651666 8.23219 -4.88451 0.44212 0.04770 0.80928 -0.10078 0.57674
1403636922.051666 8.15770 -4.93149 0.36540 0.06530 0.81513 -0.09723 0.56731
1403636922.351666 8.11803 -4.97264 0.32724 0.07962 0.81452 -0.10587 0.56480
1403636922.651666 8.07544 -5.01471 0.28859 0.09358 0.81711 -0.12720 0.55444
1403636923.201667 8.04006 -5.04611 0.24182 0.10060 0.79100 -0.16763 0.57974
1403636923.351666 8.01059 -5.05877 0.22036 0.11701 0.79757 -0.17664 0.56479
1403636923.651666 7.93841 -5.10540 0.15088 0.12619 0.81358 -0.19122 0.53441
1403636924.201667 8.01277 -5.18463 0.14978 0.13376 0.81352 -0.18687 0.53420
1403636924.501667 8.12534 -5.23924 0.14314 0.11949 0.80430 -0.19278 0.54924
1403636924.751667 8.23783 -5.30463 0.16596 0.10325 0.79050 -0.19939 0.56982
1403636925.201667 8.37663 -5.49372 0.09980 0.13184 0.78787 -0.20489 0.56560
1403636925.601666 8.46120 -5.66371 -0.02524 0.14758 0.81310 -0.21194 0.52171
1403636925.901666 8.60700 -5.80460 -0.04470 0.15138 0.81060 -0.21245 0.52428
1403636926.101666 8.74248 -5.89758 -0.03232 0.15556 0.78829 -0.20887 0.55747
1403636926.201667 8.81350 -5.94061 -0.03629 0.14947 0.77991 -0.21172 0.56971
1403636926.351666 8.91132 -6.00233 -0.05582 0.13957 0.77377 -0.21626 0.57882
1403636926.651666 9.05849 -6.11566 -0.10881 0.13716 0.77825 -0.21219 0.57489
1403636927.051666 9.17364 -6.28102 -0.12208 0.14672 0.77833 -0.24927 0.55727
1403636927.151666 9.19467 -6.32435 -0.12668 0.15842 0.77287 -0.26588 0.55398
1403636927.201667 9.20582 -6.34714 -0.13298 0.16549 0.76964 -0.27484 0.55202
1403636927.351666 9.22938 -6.41958 -0.15744 0.18860 0.76191 -0.29924 0.54257
1403636927.451667 9.24355 -6.47035 -0.18227 0.20002 0.76547 -0.30964 0.52741
1403636927.501667 9.25366 -6.50050 -0.19671 0.20328 0.76807 -0.31418 0.51965
1403636927.751667 9.30609 -6.63951 -0.23879 0.21253 0.77424 -0.32876 0.49730
1403636928.001667 9.40001 -6.80243 -0.24783 0.21415 0.77027 -0.33214 0.50050
1403636928.151666 9.47025 -6.90923 -0.26171 0.21824 0.76450 -0.32831 0.51002
1403636928.301666 9.54790 -7.02121 -0.28320 0.21848 0.75271 -0.32568 0.52879
1403636928.451667 9.62382 -7.13161 -0.31443 0.21961 0.74568 -0.32219 0.54030
1403636928.751667 9.76022 -7.34075 -0.35359 0.22093 0.75686 -0.31849 0.52622
1403636929.001667 9.87734 -7.50453 -0.33143 0.22229 0.75557 -0.31696 0.52844
1403636929.151666 9.94928 -7.59620 -0.29254 0.21598 0.74322 -0.32098 0.54585
1403636929.351666 10.03192 -7.71475 -0.23776 0.20505 0.74114 -0.32707 0.54926
1403636929.601666 10.10488 -7.86280 -0.20346 0.21520 0.74754 -0.31734 0.54237
1403636929.751667 10.13514 -7.93881 -0.20172 0.22358 0.75053 -0.31028 0.53892
1403636930.051666 10.19020 -8.08167 -0.20888 0.21747 0.74783 -0.31341 0.54335
1403636930.451667 10.23831 -8.25356 -0.13592 0.21656 0.75008 -0.31523 0.53955
1403636930.701667 10.25049 -8.35110 -0.10646 0.21690 0.74834 -0.31486 0.54204
1403636931.001667 10.24848 -8.46827 -0.11664 0.20122 0.73905 -0.33486 0.54881
1403636931.151666 10.23403 -8.53965 -0.13134 0.21633 0.73211 -0.34195 0.54798
1403636931.201667 10.22830 -8.56778 -0.13483 0.22457 0.73101 -0.34104 0.54671
1403636931.301666 10.20714 -8.61305 -0.13510 0.23773 0.72601 -0.33978 0.54858
1403636931.551666 10.12643 -8.69684 -0.10009 0.26438 0.72865 -0.33283 0.53702
1403636931.701667 10.07433 -8.72854 -0.07187 0.27454 0.73083 -0.32856 0.53157
1403636931.851666 10.02667 -8.74736 -0.06455 0.25894 0.73239 -0.34081 0.52952
1403636932.251667 9.89572 -8.75091 -0.09976 0.25753 0.72701 -0.34550 0.53457
1403636932.401666 9.84132 -8.73569 -0.10393 0.27315 0.72618 -0.33816 0.53264
1403636932.551666 9.78748 -8.70239 -0.09270 0.27931 0.72311 -0.34526 0.52905
1403636932.851666 9.68967 -8.59476 -0.01496 0.28893 0.70559 -0.38492 0.52010
1403636933.001667 9.64102 -8.52687 0.02092 0.29307 0.70288 -0.39800 0.51153
1403636933.251667 9.54524 -8.39376 0.01459 0.29538 0.70344 -0.42230 0.48947
1403636933.301666 9.52702 -8.36337 0.00696 0.29237 0.70755 -0.42740 0.48085
1403636933.401666 9.49501 -8.30663 -0.00724 0.28697 0.71147 -0.43445 0.47193
1403636933.701667 9.42270 -8.18262 -0.04472 0.29611 0.70061 -0.42774 0.48837
1403636933.851666 9.39076 -8.12741 -0.04481 0.29876 0.69560 -0.42287 0.49806
1403636934.101666 9.33526 -8.03262 -0.02821 0.30569 0.68357 -0.43890 0.49665
1403636934.451667 9.21976 -7.86448 -0.09618 0.34285 0.63845 -0.50204 0.47200
1403636934.601666 9.16894 -7.79139 -0.11238 0.35987 0.61474 -0.53156 0.45830
1403636934.701667 9.13260 -7.74202 -0.11238 0.36957 0.60316 -0.54800 0.44644
1403636935.101666 8.95708 -7.54720 -0.03024 0.38999 0.59666 -0.56514 0.41537
1403636935.251667 8.89899 -7.49006 0.02358 0.39057 0.59137 -0.56171 0.42687
1403636935.551666 8.77638 -7.37566 0.08784 0.38275 0.59296 -0.55772 0.43686
1403636935.951667 8.59305 -7.22226 0.06329 0.36773 0.60965 -0.56140 0.42182
1403636936.401666 8.38742 -7.14285 -0.02139 0.37411 0.60984 -0.55848 0.41980
1403636937.101666 8.14611 -7.16558 -0.03545 0.39048 0.60090 -0.55630 0.42068
1403636937.401666 8.02812 -7.16740 -0.01320 0.38726 0.59689 -0.56054 0.42374
1403636938.101666 7.85525 -7.17729 -0.13879 0.42286 0.58816 -0.54399 0.42349
1403636938.501667 7.80804 -7.08725 -0.23824 -0.38697 -0.55453 0.58591 -0.44661
1403636938.951667 7.65109 -6.92514 -0.22352 -0.39216 -0.56786 0.59020 -0.41881
1403636939.051666 7.59843 -6.88408 -0.22301 -0.39620 -0.57307 0.58761 -0.41150
1403636939.501667 7.35795 -6.72773 -0.26111 -0.40258 -0.57407 0.57551 -0.42090
1403636940.051666 7.04773 -6.47759 -0.26000 -0.40626 -0.56386 0.57709 -0.42894
1403636940.201667 6.97975 -6.39685 -0.28409 -0.40522 -0.55813 0.58830 -0.42213
1403636940.501667 6.78459 -6.19642 -0.35132 -0.40915 -0.54909 0.59787 -0.41672
1403636940.651666 6.68990 -6.10197 -0.37309 -0.40572 -0.55187 0.60448 -0.40674
1403636941.101666 6.39615 -5.85603 -0.33298 -0.41026 -0.55963 0.60384 -0.39228
1403636941.351666 6.21905 -5.73183 -0.28343 -0.41539 -0.55766 0.59658 -0.40069
1403636941.601666 6.04425 -5.60900 -0.26416 -0.41505 -0.56196 0.58992 -0.40489
1403636941.801666 5.91632 -5.51445 -0.26903 -0.41205 -0.56563 0.58807 -0.40554
1403636942.251667 5.64331 -5.30140 -0.21387 -0.40331 -0.56316 0.59194 -0.41206
1403636942.601666 5.43341 -5.15466 -0.22001 -0.39653 -0.55656 0.60192 -0.41316
1403636942.901666 5.22429 -5.02307 -0.25494 -0.40438 -0.55990 0.60076 -0.40257
1403636943.201667 5.02999 -4.91130 -0.23540 -0.41597 -0.55434 0.59683 -0.40432
1403636943.501667 4.82209 -4.79046 -0.23482 -0.42224 -0.55097 0.59729 -0.40173
1403636943.801666 4.62220 -4.65350 -0.28678 -0.42758 -0.54996 0.59607 -0.39926
1403636944.301666 4.32505 -4.43397 -0.42491 -0.38254 -0.58997 0.59711 -0.38607
1403636944.801666 4.11558 -4.36138 -0.39696 0.41382 0.59009 -0.55971 0.40898
1403636945.001667 4.06386 -4.32519 -0.35886 0.40519 0.58953 -0.55885 0.41948
1403636945.601666 3.97301 -4.16830 -0.35142 0.39972 0.59235 -0.56050 0.41855
1403636945.751667 3.96773 -4.11831 -0.36132 0.38929 0.60099 -0.57055 0.40217
1403636945.851666 3.96720 -4.09009 -0.37519 0.38393 0.60516 -0.57571 0.39362
1403636946.051666 3.96629 -4.04704 -0.40837 0.39582 0.59600 -0.57015 0.40378
1403636946.501667 3.99652 -3.97506 -0.56881 0.40923 0.58289 -0.56823 0.41217
1403636946.751667 4.03254 -3.92004 -0.67663 -0.39769 -0.57461 0.58008 -0.41854
1403636947.151666 4.04596 -3.82159 -0.81474 -0.37141 -0.56337 0.59976 -0.43006
1403636947.351666 4.00591 -3.78964 -0.86653 -0.37796 -0.59154 0.59615 -0.38966
1403636947.451667 3.98559 -3.78312 -0.88130 0.37695 0.59761 -0.59683 0.38023
1403636947.601666 3.95759 -3.79559 -0.88529 -0.38080 -0.58858 0.59554 -0.39230
1403636947.751667 3.92893 -3.82383 -0.88015 -0.39115 -0.58754 0.58866 -0.39405
1403636947.901666 3.90366 -3.85936 -0.88428 0.40411 0.59411 -0.57856 0.38600
1403636948.401666 3.88231 -4.02827 -0.96700 0.40196 0.60177 -0.57299 0.38469
1403636948.551666 3.89892 -4.09168 -1.00642 0.41467 0.60880 -0.56017 0.37897
1403636948.751667 3.95724 -4.18249 -1.04886 0.42479 0.60936 -0.54891 0.38331
1403636948.851666 4.00302 -4.22647 -1.05980 0.41422 0.60055 -0.55527 0.39930
1403636948.901666 4.02926 -4.25042 -1.06324 0.40926 0.59611 -0.55794 0.40726
1403636949.001667 4.08355 -4.29566 -1.06753 0.40001 0.58620 -0.56273 0.42391
1403636949.151666 4.16208 -4.35855 -1.08327 0.39857 0.58458 -0.56158 0.42899
1403636949.401666 4.28219 -4.44334 -1.12849 0.39615 0.58541 -0.56073 0.43121
1403636949.551666 4.34984 -4.48266 -1.16723 0.39157 0.58238 -0.56298 0.43654
1403636949.851666 4.45398 -4.53539 -1.20432 0.38034 0.59191 -0.57008 0.42425
1403636950.001667 4.50076 -4.56157 -1.20671 0.37460 0.59638 -0.57436 0.41726
1403636950.301666 4.57885 -4.64202 -1.20643 0.37723 0.60103 -0.57407 0.40853
1403636950.551666 4.64008 -4.73149 -1.23300 0.39862 0.60042 -0.55943 0.40943
1403636950.751667 4.69910 -4.80221 -1.25139 0.40328 0.59837 -0.55478 0.41417
1403636950.851666 4.73878 -4.84006 -1.25315 0.39915 0.59465 -0.55655 0.42110
1403636951.001667 4.80805 -4.90385 -1.24601 0.39710 0.59287 -0.55699 0.42495
1403636951.151666 4.87982 -4.96393 -1.22778 0.38599 0.58923 -0.56440 0.43043
1403636951.701667 5.09310 -5.20538 -1.23981 0.38193 0.60517 -0.56961 0.40428
1403636951.851666 5.14260 -5.28620 -1.24794 0.39080 0.60274 -0.56344 0.40807
1403636952.101666 5.23780 -5.42847 -1.24046 0.40147 0.60196 -0.55622 0.40876
1403636952.251667 5.31072 -5.51746 -1.25292 0.39989 0.59552 -0.55745 0.41796
1403636952.401666 5.38443 -5.59935 -1.27946 0.39512 0.58750 -0.56052 0.42959
1403636952.701667 5.51358 -5.73006 -1.35200 0.40233 0.59053 -0.55398 0.42722
1403636952.851666 5.57380 -5.77592 -1.37519 0.39640 0.59552 -0.55803 0.42050
1403636953.001667 5.64380 -5.82865 -1.39952 0.38358 0.59637 -0.56787 0.41801
1403636953.251667 5.75322 -5.92676 -1.46790 0.37311 0.59385 -0.57581 0.42021
1403636953.501667 5.84054 -6.03623 -1.52351 0.38454 0.59761 -0.56656 0.41713
1403636953.701667 5.89492 -6.11612 -1.53364 0.38977 0.60557 -0.56059 0.40879
1403636953.951667 5.98267 -6.23279 -1.50670 0.39210 0.61099 -0.55578 0.40503
1403636954.101666 6.04453 -6.30333 -1.48443 0.38905 0.60881 -0.55735 0.40909
1403636954.351666 6.16856 -6.44031 -1.46618 0.38582 0.60819 -0.56030 0.40904
1403636954.651666 6.34007 -6.62870 -1.42369 0.38780 0.60715 -0.56421 0.40331
1403636954.801666 6.43088 -6.72856 -1.43538 0.39458 0.59929 -0.56414 0.40854
1403636954.951667 6.52212 -6.82631 -1.47010 0.40036 0.59088 -0.56510 0.41380
1403636955.201667 6.67986 -6.97832 -1.53139 0.40816 0.58737 -0.56850 0.40646
1403636955.501667 6.88619 -7.15034 -1.54930 0.41459 0.57979 -0.57476 0.40201
1403636955.801666 7.11806 -7.32342 -1.58906 -0.41765 -0.57672 0.57809 -0.39848
1403636955.951667 7.24054 -7.40192 -1.59173 -0.41112 -0.57160 0.58449 -0.40327
1403636956.201667 7.42147 -7.51461 -1.55759 -0.39600 -0.55663 0.59779 -0.41951
1403636956.401666 7.53745 -7.58805 -1.54584 -0.40701 -0.56313 0.59268 -0.40738
1403636956.701667 7.71542 -7.70163 -1.57201 -0.40397 -0.57017 0.57333 -0.42779
1403636957.051666 7.90851 -7.80718 -1.59794 0.35609 0.62489 -0.51955 0.46128
1403636957.251667 8.00337 -7.86122 -1.57452 0.33735 0.66086 -0.47576 0.47235
1403636957.651666 8.14901 -7.92292 -1.56047 0.30602 0.68525 -0.44205 0.49130
1403636957.801666 8.20114 -7.94037 -1.58713 0.28769 0.69623 -0.42599 0.50102
1403636958.101666 8.29621 -7.97109 -1.64060 0.23337 0.73468 -0.35873 0.52639
1403636958.251667 8.33435 -7.99145 -1.64241 0.21171 0.74978 -0.32814 0.53417
1403636958.651666 8.41358 -8.05626 -1.58492 0.18946 0.77095 -0.28044 0.53952
1403636959.201667 8.53778 -8.16512 -1.60089 0.19763 0.77064 -0.28632 0.53392
1403636959.451667 8.59999 -8.20352 -1.66584 0.21186 0.77013 -0.28273 0.53112
1403636959.801666 8.70399 -8.23941 -1.75612 0.20651 0.76352 -0.29169 0.53788
1403636960.351666 8.86638 -8.27238 -1.74709 0.21905 0.76789 -0.28482 0.53031
1403636960.501667 8.92101 -8.26902 -1.75785 0.22214 0.76557 -0.27677 0.53662
1403636960.901666 9.05862 -8.21846 -1.81379 0.18583 0.77180 -0.26136 0.54907
1403636961.201667 9.17536 -8.15170 -1.84782 0.13970 0.78985 -0.20112 0.56230
1403636961.501667 9.27665 -8.08179 -1.82169 0.10375 0.80129 -0.14757 0.57044
1403636961.751667 9.34848 -8.02533 -1.75090 0.07729 0.80594 -0.11257 0.57604
1403636961.901666 9.39043 -7.99092 -1.70750 0.06246 0.80941 -0.08651 0.57747
1403636962.201667 9.46108 -7.91130 -1.64771 0.02214 0.81445 -0.02994 0.57904
1403636962.501667 9.51002 -7.82727 -1.55338 -0.01708 0.81289 0.03697 0.58099
1403636962.751667 9.54260 -7.74502 -1.45945 -0.03418 0.80833 0.09759 0.57958
1403636962.851666 9.55449 -7.70485 -1.43207 -0.03919 0.80670 0.11002 0.57930
1403636963.001667 9.56577 -7.63478 -1.40196 -0.05412 0.80284 0.11105 0.58326
1403636963.151666 9.56710 -7.55854 -1.38164 -0.06259 0.79644 0.10674 0.59192
1403636963.451667 9.54440 -7.39566 -1.37409 -0.06733 0.80575 0.09123 0.58130
1403636963.851666 9.47804 -7.19051 -1.34258 -0.05194 0.80760 0.08309 0.58153
1403636964.201667 9.39546 -7.01360 -1.23638 -0.04844 0.80525 0.08191 0.58524
1403636964.601666 9.26401 -6.80406 -1.16534 -0.04362 0.80294 0.09859 0.58622
1403636964.901666 9.13157 -6.61429 -1.16226 -0.06810 0.79489 0.14311 0.58569
1403636965.201667 8.94867 -6.37656 -1.12221 -0.11196 0.78811 0.19340 0.57353
1403636965.301666 8.88350 -6.29665 -1.09776 -0.11703 0.79566 0.20496 0.55787
1403636965.451667 8.78469 -6.17000 -1.04634 -0.11877 0.81188 0.21510 0.52960
1403636965.551666 8.72794 -6.08233 -0.99965 -0.12686 0.81446 0.21195 0.52502
1403636965.601666 8.70444 -6.03824 -0.97128 -0.13413 0.81047 0.20711 0.53127
1403636965.751667 8.63925 -5.90101 -0.88304 -0.15382 0.79621 0.19164 0.55287
1403636966.001667 8.53169 -5.68252 -0.76976 -0.13659 0.78623 0.19707 0.56952
1403636966.151666 8.46427 -5.56152 -0.72481 -0.12954 0.78426 0.19861 0.57334
1403636966.301666 8.39452 -5.44964 -0.70091 -0.12858 0.78362 0.19686 0.57502
1403636966.751667 8.16126 -5.14405 -0.71479 -0.14073 0.78600 0.17808 0.57506
1403636967.001667 8.03325 -5.02578 -0.72164 -0.14137 0.78639 0.17366 0.57571
1403636967.301666 7.84911 -4.89203 -0.73287 -0.12927 0.78592 0.17805 0.57786
1403636967.601666 7.63719 -4.77191 -0.73552 -0.12439 0.78427 0.17803 0.58116
1403636967.851666 7.43901 -4.68154 -0.75378 -0.12241 0.78417 0.17754 0.58187
1403636968.251667 7.08988 -4.55187 -0.89248 -0.12655 0.78391 0.17599 0.58180
1403636968.701667 6.64060 -4.43028 -0.95051 -0.11935 0.78553 0.18002 0.57990
1403636969.001667 6.30037 -4.34392 -0.95611 -0.11986 0.78642 0.17874 0.57899
1403636969.251667 6.01128 -4.27377 -0.92098 -0.12501 0.79590 0.17469 0.56604
1403636969.801666 5.41272 -4.11531 -0.80546 -0.11600 0.80759 0.17585 0.55083
1403636969.951667 5.26467 -4.05952 -0.79900 -0.11648 0.80703 0.17512 0.55178
1403636970.101666 5.10933 -3.99989 -0.80524 -0.11990 0.79901 0.17372 0.56305
1403636970.401666 4.83483 -3.89468 -0.82280 -0.12055 0.79728 0.17462 0.56508
1403636970.951667 4.41541 -3.67059 -0.79987 -0.11651 0.82180 0.18209 0.52717
1403636971.401666 4.23809 -3.45094 -0.82684 -0.16273 0.80806 0.15081 0.54572
1403636971.651666 4.19514 -3.37995 -0.88193 -0.14810 0.80068 0.16292 0.55716
1403636971.801666 4.17301 -3.34812 -0.92821 -0.14094 0.79295 0.16938 0.56804
1403636972.101666 4.12560 -3.31063 -1.00389 -0.14029 0.79047 0.17230 0.57078
1403636972.651666 4.05481 -3.31724 -0.97398 -0.13239 0.79723 0.17523 0.56231
1403636973.051666 4.01459 -3.34015 -0.93903 -0.12103 0.80282 0.16425 0.56022
1403636973.501667 3.98465 -3.36709 -1.00094 -0.09990 0.80872 0.13705 0.56321
1403636974.101666 3.94301 -3.37498 -1.09369 -0.09650 0.80692 0.12485 0.56919
1403636974.201667 3.93834 -3.37928 -1.09649 -0.08741 0.81181 0.11105 0.56656
1403636974.951667 3.89523 -3.40594 -1.21863 0.02658 0.82252 -0.07032 0.56374
1403636975.351666 3.90369 -3.43645 -1.21148 0.07224 0.80730 -0.11381 0.57454
1403636975.601666 3.91929 -3.45196 -1.24004 0.07846 0.81195 -0.11418 0.56704
1403636975.951667 3.94620 -3.46758 -1.22302 0.08119 0.81766 -0.11937 0.55730
1403636976.251667 3.98891 -3.49085 -1.22152 0.09067 0.79316 -0.18588 0.57282
1403636976.601666 4.00497 -3.56116 -1.27782 0.15223 0.77514 -0.25199 0.55900
1403636976.651666 4.00719 -3.57284 -1.29068 0.16161 0.77445 -0.25534 0.55579
1403636977.051666 4.00070 -3.66935 -1.41135 0.17156 0.77638 -0.27947 0.53823
1403636977.501667 4.00535 -3.82928 -1.45112 0.16913 0.77387 -0.26755 0.54857
1403636977.801666 4.00666 -3.95239 -1.51483 0.16643 0.77009 -0.27059 0.55321
1403636978.151666 3.98704 -4.10383 -1.58679 0.17708 0.76824 -0.27540 0.55009
1403636978.451667 3.95722 -4.24870 -1.58415 0.18284 0.77746 -0.27559 0.53495
1403636978.751667 3.94947 -4.40242 -1.57425 0.17931 0.78993 -0.28118 0.51459
1403636979.001667 3.98618 -4.54298 -1.59582 0.18579 0.77987 -0.27721 0.52956
1403636979.151666 4.02087 -4.62021 -1.62362 0.19142 0.76966 -0.27320 0.54437
1403636979.301666 4.05672 -4.68471 -1.66741 0.18945 0.77433 -0.27461 0.53769
1403636979.651666 4.15978 -4.85586 -1.71119 0.18278 0.78665 -0.28009 0.51897
1403636979.851666 4.24421 -4.95353 -1.69941 0.18983 0.78324 -0.27952 0.52189
1403636980.301666 4.46421 -5.15367 -1.69074 0.19783 0.77015 -0.28343 0.53610
1403636980.451667 4.54487 -5.21981 -1.70981 0.19795 0.76381 -0.28387 0.54481
1403636980.601666 4.62922 -5.28872 -1.74058 0.19221 0.75938 -0.28663 0.55158
1403636980.851666 4.74854 -5.38383 -1.77283 0.19405 0.76535 -0.28146 0.54531
1403636981.001667 4.81447 -5.43283 -1.77334 0.19662 0.77158 -0.27767 0.53749
1403636981.551666 5.03628 -5.59339 -1.82883 0.18859 0.76260 -0.29076 0.54620
1403636981.701667 5.08646 -5.63881 -1.84202 0.20194 0.76978 -0.28564 0.53392
1403636981.851666 5.13923 -5.68125 -1.84016 0.20597 0.77471 -0.28731 0.52426
1403636982.151666 5.29206 -5.78442 -1.82262 0.19497 0.78656 -0.30070 0.50288
1403636982.301666 5.40035 -5.85588 -1.82402 0.18684 0.78364 -0.30691 0.50676
1403636982.451667 5.51079 -5.93356 -1.83012 0.18644 0.77269 -0.30633 0.52379
1403636982.701667 5.69010 -6.07751 -1.81749 0.18705 0.76499 -0.30109 0.53773
1403636982.851666 5.79282 -6.16919 -1.80551 0.18699 0.77083 -0.29840 0.53086
1403636983.001667 5.89652 -6.26736 -1.80359 0.19094 0.77243 -0.29462 0.52924
1403636983.151666 6.00454 -6.36958 -1.81385 0.19610 0.76773 -0.29061 0.53636
1403636983.551666 6.28709 -6.63424 -1.88675 0.20540 0.76625 -0.28708 0.53690
1403636983.701667 6.39651 -6.72603 -1.90047 0.20549 0.77093 -0.28983 0.52862
1403636983.851666 6.50615 -6.80830 -1.89145 0.20663 0.77499 -0.29207 0.52095
1403636984.251667 6.81607 -7.02038 -1.83075 0.20950 0.77216 -0.29766 0.52085
1403636984.551666 7.09567 -7.18791 -1.84584 0.21614 0.76479 -0.29700 0.52932
1403636984.851666 7.38777 -7.33920 -1.85932 0.21155 0.76245 -0.29868 0.53358
1403636985.301666 7.79011 -7.52409 -1.84852 0.21368 0.76295 -0.29861 0.53205
1403636985.551666 8.01739 -7.61140 -1.87963 0.20886 0.77025 -0.28103 0.53303
1403636985.851666 8.28175 -7.68327 -1.85624 0.20833 0.76862 -0.25760 0.54723
1403636986.251667 8.60385 -7.68624 -1.86839 0.20605 0.76592 -0.24999 0.55535
1403636986.401666 8.71653 -7.66098 -1.89645 0.19937 0.77426 -0.25466 0.54399
1403636986.701667 8.94395 -7.58916 -1.92470 0.18020 0.77341 -0.26726 0.54583
1403636987.101666 9.20038 -7.49575 -1.83968 0.18217 0.77011 -0.26819 0.54938
1403636987.301666 9.31318 -7.44949 -1.78764 0.18663 0.76723 -0.26890 0.55156
1403636987.501667 9.41929 -7.40497 -1.76278 0.18772 0.76432 -0.26266 0.55821
1403636987.951667 9.58562 -7.25876 -1.72813 0.17856 0.76371 -0.25391 0.56603
1403636988.101666 9.62303 -7.19356 -1.70705 0.16416 0.76730 -0.26252 0.56159
1403636988.501667 9.67645 -7.05052 -1.66194 0.16047 0.75355 -0.26719 0.57881
1403636988.801666 9.64226 -6.94467 -1.59484 0.16279 0.74842 -0.26570 0.58546
1403636989.101666 9.51693 -6.84578 -1.57265 0.16160 0.74129 -0.26753 0.59397
1403636989.251667 9.41508 -6.79708 -1.57386 0.16372 0.74342 -0.26779 0.59060
1403636989.651666 9.06434 -6.67809 -1.51463 0.17978 0.77100 -0.26257 0.55162
1403636989.851666 8.88809 -6.61968 -1.49012 0.18387 0.77345 -0.25985 0.54812
1403636990.351666 8.44692 -6.45418 -1.43444 0.18609 0.76790 -0.25531 0.55724
1403636990.551666 8.24663 -6.36589 -1.40035 0.18161 0.77356 -0.25419 0.55137
1403636991.201667 7.67761 -6.07188 -1.40920 0.18097 0.77868 -0.24943 0.54653
1403636991.501667 7.45547 -5.93754 -1.40746 0.18203 0.77966 -0.25265 0.54329
1403636991.901666 7.16368 -5.75450 -1.30662 0.16689 0.77402 -0.27430 0.54571
1403636992.101666 7.02209 -5.68085 -1.27055 0.17913 0.77239 -0.27144 0.54557
1403636992.251667 6.92210 -5.62927 -1.25807 0.18818 0.76868 -0.26820 0.54935
1403636992.901666 6.44696 -5.37744 -1.21525 0.19992 0.77506 -0.27470 0.53279
1403636993.201667 6.26427 -5.25110 -1.20907 0.19234 0.76741 -0.27426 0.54669
1403636993.501667 6.11112 -5.11927 -1.17092 0.16245 0.77676 -0.23731 0.56031
1403636993.901666 5.90716 -4.95772 -1.07523 0.13154 0.79359 -0.18908 0.56318
1403636994.651666 5.49471 -4.62555 -1.07922 0.12901 0.78185 -0.18000 0.58281
1403636994.751667 5.41765 -4.55762 -1.06841 0.11927 0.78712 -0.18788 0.57526
1403636995.151666 5.12561 -4.35481 -1.03620 0.11808 0.78486 -0.19042 0.57774
1403636995.601666 4.73184 -4.11998 -0.95331 0.12361 0.79177 -0.18046 0.57032
1403636996.201667 4.20344 -3.83110 -0.86483 0.11582 0.79694 -0.18820 0.56218
1403636996.501667 3.94152 -3.72821 -0.79184 0.11285 0.80115 -0.17087 0.56234
1403636996.901666 3.62445 -3.57184 -0.71654 0.06754 0.81520 -0.10632 0.56532
1403636997.301666 3.31004 -3.42821 -0.74846 0.02286 0.82329 -0.04606 0.56528
1403636998.001667 2.96834 -3.23912 -0.65098 0.02677 0.82634 -0.04187 0.56097
1403636998.351666 2.90498 -3.16890 -0.52637 0.02803 0.82527 -0.04948 0.56186
1403636998.701667 2.87189 -3.10625 -0.42643 0.03261 0.81352 -0.05009 0.57845
1403636999.701667 2.68305 -2.84199 -0.24805 0.03866 0.80691 -0.05160 0.58714
1403637000.251667 2.48840 -2.62371 -0.25112 0.04481 0.81026 -0.04832 0.58236
1403637000.751667 2.27752 -2.38635 -0.21477 0.04300 0.80948 -0.04950 0.58347
1403637001.301666 2.00520 -2.09802 -0.15874 0.04019 0.80786 -0.05512 0.58541
1403637001.551666 1.87328 -1.97217 -0.11547 0.03774 0.81297 -0.05899 0.57808
1403637002.101666 1.55382 -1.71819 -0.08226 0.03948 0.81569 -0.06158 0.57385
1403637002.951667 1.07926 -1.30151 -0.06866 0.04532 0.81478 -0.06165 0.57470
1403637003.401666 0.82649 -1.05233 -0.09448 0.04595 0.81216 -0.06827 0.57760
1403637003.851666 0.56845 -0.80884 -0.06130 0.04376 0.81272 -0.07186 0.57655
1403637004.101666 0.41466 -0.68066 -0.05943 0.04589 0.81828 -0.06569 0.56921
1403637004.801666 0.13771 -0.39034 0.00550 0.02680 0.81000 -0.08640 0.57942
1403637005.701667 -0.19306 -0.19790 -0.13397 0.04185 0.81928 -0.07532 0.56688
1403637006.351666 -0.29045 -0.11995 -0.09006 0.03778 0.82299 -0.07518 0.56180
1403637006.651666 -0.31722 -0.09417 -0.09242 0.02600 0.82153 -0.07319 0.56484
1403637007.101666 -0.32989 -0.09020 -0.12328 -0.00988 0.81786 0.00386 0.57532
1403637007.801666 -0.38017 -0.07605 -0.20659 -0.01940 0.82569 0.03858 0.56246
1403637008.201667 -0.40897 -0.04361 -0.24394 -0.02071 0.82494 0.02618 0.56423
1403637008.351666 -0.41770 -0.03096 -0.25008 -0.01389 0.83221 0.02670 0.55365
1403637008.651666 -0.40978 0.00250 -0.23756 -0.01933 0.81574 0.01564 0.57788
1403637009.101666 -0.38055 0.00519 -0.27085 -0.02769 0.82197 0.00326 0.56884
1403637009.501667 -0.34450 -0.03370 -0.31941 -0.02610 0.80834 0.03647 0.58700
1403637009.751667 -0.35106 -0.04402 -0.33334 -0.05721 0.79202 0.00946 0.60773
