1403715896.184058 0.00949 1.05748 0.53965 0.01062 0.81000 -0.03346 0.58538
1403715896.334058 0.01099 1.13024 0.57234 -0.01316 0.80598 -0.04852 0.58980
1403715896.484058 0.01183 1.17337 0.60490 -0.03346 0.80269 -0.06056 0.59237
1403715896.634058 0.00811 1.17330 0.63620 -0.04480 0.79757 -0.06621 0.59791
1403715896.934058 -0.01473 1.06131 0.69488 -0.06403 0.80323 -0.07517 0.58743
1403715897.084058 -0.03056 0.95132 0.72183 -0.08265 0.80620 -0.08695 0.57936
1403715897.184058 -0.04533 0.85372 0.74240 -0.08308 0.80679 -0.08825 0.57827
1403715897.234058 -0.05089 0.79704 0.75281 -0.07729 0.80868 -0.08498 0.57692
1403715897.334058 -0.06943 0.66977 0.77482 -0.05180 0.81325 -0.06841 0.57556
1403715897.384058 -0.07747 0.60226 0.78750 -0.03477 0.81592 -0.05757 0.57423
1403715897.484058 -0.09784 0.45649 0.81081 -0.01285 0.81896 -0.04330 0.57207
1403715897.534058 -0.10584 0.38439 0.82226 -0.00589 0.81998 -0.03919 0.57102
1403715897.634058 -0.12232 0.23489 0.84269 -0.00656 0.82031 -0.04133 0.57038
1403715897.734058 -0.13868 0.08419 0.86237 -0.01524 0.81932 -0.04908 0.57102
1403715897.784058 -0.14585 0.00558 0.87297 -0.01935 0.81838 -0.05262 0.57194
1403715897.884058 -0.16108 -0.15790 0.89218 -0.02352 0.81468 -0.05629 0.57669
1403715897.934058 -0.16888 -0.24062 0.90224 -0.01989 0.81325 -0.05418 0.57905
1403715898.034058 -0.18436 -0.41262 0.92171 -0.01240 0.80903 -0.04931 0.58557
1403715898.084058 -0.19303 -0.49832 0.93126 -0.00693 0.80499 -0.04693 0.59139
1403715898.184058 -0.21362 -0.67553 0.94958 0.00541 0.79728 -0.04565 0.60186
1403715898.234058 -0.22616 -0.76283 0.95735 0.01301 0.79487 -0.04700 0.60481
1403715898.334058 -0.25662 -0.94151 0.96952 0.02764 0.79468 -0.05434 0.60396
1403715898.384058 -0.27523 -1.02913 0.97326 0.03486 0.79628 -0.06023 0.60092
1403715898.484058 -0.31490 -1.20121 0.97838 0.04818 0.80227 -0.07560 0.59019
1403715898.584058 -0.35612 -1.37171 0.98088 0.06199 0.80749 -0.09246 0.57928
1403715898.634058 -0.37648 -1.45602 0.98014 0.06897 0.80905 -0.10174 0.57474
1403715898.734058 -0.41771 -1.62182 0.97253 0.08354 0.80487 -0.12010 0.57513
1403715898.784058 -0.43856 -1.70435 0.96411 0.09026 0.80427 -0.12811 0.57323
1403715898.884058 -0.47874 -1.87093 0.93857 0.10073 0.80348 -0.14119 0.56951
1403715898.934058 -0.49692 -1.95275 0.92155 0.10374 0.80366 -0.14701 0.56724
1403715899.034058 -0.53386 -2.11226 0.87840 0.10984 0.80304 -0.15450 0.56497
1403715899.084058 -0.55045 -2.19113 0.85221 0.11169 0.80412 -0.15732 0.56229
1403715899.184058 -0.58235 -2.34349 0.79808 0.11398 0.80962 -0.16202 0.55252
1403715899.234058 -0.59339 -2.41424 0.77267 0.11785 0.81384 -0.16143 0.54564
1403715899.334058 -0.61144 -2.55364 0.73079 0.12314 0.82255 -0.16012 0.53161
1403715899.434058 -0.62026 -2.68865 0.70309 0.12955 0.82949 -0.15542 0.52059
1403715899.584058 -0.60832 -2.87998 0.68641 0.12861 0.83061 -0.15337 0.51964
1403715899.734058 -0.56904 -3.05603 0.67462 0.12720 0.83066 -0.15069 0.52070
1403715899.784058 -0.54936 -3.11186 0.67189 0.12995 0.82961 -0.14713 0.52270
1403715899.884058 -0.50501 -3.22776 0.66621 0.13953 0.82499 -0.13658 0.53034
1403715899.934058 -0.47886 -3.28278 0.66407 0.14500 0.82335 -0.13063 0.53293
1403715900.034058 -0.42172 -3.38794 0.65877 0.15564 0.82100 -0.12017 0.53601
1403715900.184058 -0.32031 -3.52231 0.64965 0.16362 0.81987 -0.11116 0.53729
1403715900.284058 -0.24372 -3.59414 0.64485 0.16672 0.81937 -0.10745 0.53785
1403715900.434058 -0.11399 -3.67546 0.63863 0.16503 0.82039 -0.10747 0.53681
1403715900.484058 -0.06773 -3.69332 0.63630 0.15562 0.81983 -0.11423 0.53909
1403715900.584058 0.02987 -3.72168 0.63630 0.13907 0.81248 -0.12599 0.55196
1403715900.634058 0.07962 -3.73125 0.63657 0.13059 0.80713 -0.13193 0.56043
1403715900.734058 0.17984 -3.74819 0.63876 0.11506 0.79339 -0.14287 0.58042
1403715900.784058 0.22840 -3.75416 0.63960 0.11312 0.78597 -0.14403 0.59052
1403715900.884058 0.32050 -3.76521 0.64420 0.11832 0.77342 -0.14039 0.60672
1403715900.934058 0.36279 -3.76820 0.64642 0.12192 0.76955 -0.13836 0.61138
1403715901.034058 0.43784 -3.76993 0.65387 0.12576 0.76038 -0.13550 0.62261
1403715901.134058 0.49808 -3.76368 0.66434 0.12838 0.75176 -0.13372 0.63285
1403715901.184058 0.52240 -3.75654 0.67010 0.12949 0.74767 -0.13327 0.63754
1403715901.284058 0.55527 -3.73564 0.68401 0.12826 0.74276 -0.13503 0.64314
1403715901.434058 0.57066 -3.68808 0.70536 0.11995 0.75262 -0.14359 0.63132
1403715901.484058 0.56891 -3.66839 0.71199 0.11804 0.75970 -0.14621 0.62253
1403715901.584058 0.55300 -3.62613 0.72715 0.11748 0.76907 -0.14879 0.61041
1403715901.734058 0.50991 -3.55463 0.75197 0.11897 0.77518 -0.14865 0.60237
1403715901.884058 0.44903 -3.47439 0.77189 0.11774 0.78608 -0.14879 0.58829
1403715901.984058 0.40232 -3.41715 0.78298 0.11534 0.78969 -0.14935 0.58376
1403715902.134058 0.32196 -3.32819 0.79864 0.11692 0.78877 -0.14519 0.58574
1403715902.284058 0.23350 -3.23419 0.80906 0.12338 0.79337 -0.13616 0.58035
1403715902.434058 0.14099 -3.13033 0.81749 0.12540 0.80148 -0.13103 0.56986
1403715902.484058 0.10915 -3.09337 0.81969 0.12061 0.80370 -0.13291 0.56732
1403715902.584058 0.04791 -3.01595 0.82589 0.10822 0.80820 -0.13941 0.56185
1403715902.634058 0.01720 -2.97657 0.82960 0.10188 0.81035 -0.14016 0.55974
1403715902.734058 -0.04111 -2.89624 0.83432 0.08885 0.81684 -0.13684 0.55330
1403715902.834058 -0.09485 -2.81772 0.82922 0.07598 0.82436 -0.12618 0.54657
1403715902.884058 -0.11930 -2.77865 0.82191 0.07014 0.82838 -0.11845 0.54299
1403715902.984058 -0.16108 -2.70519 0.80420 0.06210 0.83351 -0.09862 0.54007
1403715903.034058 -0.17930 -2.66868 0.79582 0.05672 0.83431 -0.08774 0.54131
1403715903.134058 -0.21280 -2.59894 0.77876 0.05005 0.83564 -0.06168 0.54351
1403715903.184058 -0.22733 -2.56361 0.77106 0.04795 0.83587 -0.04901 0.54463
1403715903.284058 -0.24987 -2.49248 0.75651 0.03720 0.83896 -0.03455 0.54181
1403715903.334058 -0.25890 -2.45611 0.74895 0.03141 0.84121 -0.03006 0.53895
1403715903.434058 -0.26864 -2.38167 0.73911 0.01767 0.84636 -0.02118 0.53189
1403715903.484058 -0.26850 -2.34772 0.73835 0.01116 0.84794 -0.01485 0.52976
1403715903.584058 -0.25964 -2.27508 0.74878 -0.00313 0.84861 0.00132 0.52900
1403715903.734058 -0.22159 -2.17301 0.79265 -0.02633 0.84471 0.03414 0.53349
1403715903.834058 -0.18408 -2.10237 0.83824 -0.05072 0.83677 0.05477 0.54244
1403715903.884058 -0.16195 -2.06849 0.86545 -0.06433 0.83163 0.06646 0.54757
1403715903.984058 -0.11469 -2.00076 0.92185 -0.08813 0.82088 0.09642 0.55596
1403715904.034058 -0.09001 -1.96797 0.94975 -0.10211 0.81562 0.11123 0.55854
1403715904.134058 -0.04029 -1.90472 1.00379 -0.12913 0.80638 0.14244 0.55928
1403715904.184058 -0.01528 -1.87575 1.02940 -0.13946 0.80206 0.16086 0.55800
1403715904.284058 0.03328 -1.82074 1.07935 -0.15626 0.79205 0.20006 0.55517
1403715904.334058 0.05876 -1.79380 1.10311 -0.16324 0.78495 0.21978 0.55578
1403715904.434058 0.10738 -1.74073 1.14347 -0.17857 0.77056 0.25489 0.55622
1403715904.534058 0.15439 -1.68862 1.17178 -0.19017 0.75639 0.28689 0.55625
1403715904.584058 0.17928 -1.66091 1.18132 -0.19471 0.74848 0.30254 0.55708
1403715904.684058 0.21934 -1.60812 1.19092 -0.20788 0.73209 0.33166 0.55752
1403715904.734058 0.23794 -1.58013 1.19152 -0.22006 0.72578 0.34315 0.55413
1403715904.834058 0.26591 -1.52633 1.18236 -0.25103 0.71571 0.36504 0.53990
1403715904.884058 0.27939 -1.49825 1.17442 -0.26654 0.70888 0.37694 0.53325
1403715904.984058 0.29815 -1.44621 1.14888 -0.29717 0.69047 0.40321 0.52189
1403715905.034058 0.30642 -1.42016 1.13410 -0.31091 0.67875 0.41718 0.51827
1403715905.134058 0.31786 -1.37522 1.09348 -0.33745 0.65313 0.44356 0.51264
1403715905.184058 0.32182 -1.35591 1.06970 -0.34730 0.63959 0.45647 0.51181
1403715905.284058 0.32433 -1.32590 1.01961 -0.35933 0.61901 0.48405 0.50340
1403715905.384058 0.32013 -1.30728 0.96911 -0.36412 0.60700 0.51316 0.48543
1403715905.434058 0.31309 -1.30224 0.94626 -0.36732 0.60068 0.52605 0.47700
1403715905.534058 0.29302 -1.29615 0.90116 -0.37383 0.58916 0.55104 0.45771
1403715905.584058 0.27845 -1.29509 0.88007 -0.38030 0.58407 0.56134 0.44625
1403715905.684058 0.24607 -1.29384 0.83889 -0.40198 0.57571 0.57682 0.41744
1403715905.734058 0.22795 -1.29441 0.81957 -0.41251 0.57008 0.58541 0.40265
1403715905.834058 0.19252 -1.29465 0.78062 -0.43249 0.55272 0.60603 0.37441
1403715905.884058 0.17382 -1.29543 0.76242 -0.43850 0.54248 0.62003 0.35914
1403715905.984058 0.14054 -1.29386 0.72322 -0.44502 0.51873 0.65210 0.32810
1403715906.034058 0.12399 -1.29172 0.70439 -0.44755 0.50377 0.66852 0.31463
1403715906.134058 0.09104 -1.28226 0.67090 -0.45734 0.46469 0.69742 0.29751
1403715906.234058 0.05657 -1.26731 0.64103 -0.47240 0.41562 0.72070 0.29100
1403715906.284058 0.03822 -1.25930 0.62528 -0.47991 0.39350 0.73107 0.28352
1403715906.384058 -0.00382 -1.24387 0.59485 -0.49142 0.35025 0.75173 0.26596
1403715906.434058 -0.02690 -1.23734 0.57957 -0.49799 0.33005 0.76012 0.25552
1403715906.534058 -0.07850 -1.22676 0.55259 0.51440 -0.29018 -0.77210 -0.23461
1403715906.584058 -0.10640 -1.22257 0.54312 0.52245 -0.27267 -0.77708 -0.22102
1403715906.684058 -0.16529 -1.21794 0.53289 0.54049 -0.24230 -0.78370 -0.18703
1403715906.734058 -0.19470 -1.21722 0.53362 0.54763 -0.22692 -0.78734 -0.16944
1403715906.834058 -0.25440 -1.21748 0.53841 0.55909 -0.19399 -0.79484 -0.13421
1403715906.884058 -0.28180 -1.21841 0.54188 0.56448 -0.17576 -0.79786 -0.11782
1403715906.984058 -0.33588 -1.22158 0.53977 0.57521 -0.13584 -0.80177 -0.08853
1403715907.084058 -0.38608 -1.22524 0.52557 0.57930 -0.08966 -0.80745 -0.06627
1403715907.134058 -0.40968 -1.22949 0.51743 0.57982 -0.06431 -0.81021 -0.05678
1403715907.234058 -0.45596 -1.23999 0.50896 0.58064 -0.01374 -0.81339 -0.03275
1403715907.284058 -0.47824 -1.24767 0.50960 0.58058 0.01004 -0.81396 -0.01720
1403715907.384058 -0.52008 -1.26642 0.52179 0.58080 0.05774 -0.81190 0.01259
1403715907.434058 -0.53921 -1.27824 0.53154 0.58055 0.08201 -0.80971 0.02469
1403715907.534058 -0.57494 -1.30543 0.55373 0.57827 0.12616 -0.80454 0.04897
1403715907.584058 -0.59023 -1.32106 0.56500 0.57638 0.14571 -0.80174 0.06138
1403715907.684058 -0.61741 -1.35671 0.58726 0.57434 0.17879 -0.79391 0.08874
1403715907.734058 -0.62905 -1.37653 0.59837 0.57450 0.19273 -0.78864 0.10414
1403715907.834058 -0.64865 -1.41936 0.61911 0.57468 0.22036 -0.77683 0.13311
1403715907.934058 -0.66113 -1.46423 0.63694 0.57086 0.24511 -0.76594 0.16546
1403715907.984058 -0.66456 -1.48657 0.64550 0.56761 0.25834 -0.76033 0.18161
1403715908.084058 -0.66685 -1.52985 0.65998 0.55919 0.28753 -0.74792 0.21270
1403715908.134058 -0.66497 -1.55101 0.66767 0.55535 0.30292 -0.74009 0.22823
1403715908.234058 -0.65832 -1.58996 0.67878 0.54314 0.33753 -0.72479 0.25642
1403715908.284058 -0.65185 -1.60824 0.68364 0.53604 0.35548 -0.71654 0.26994
1403715908.384058 -0.63734 -1.64010 0.69218 0.51969 0.39114 -0.69937 0.29633
1403715908.434058 -0.62865 -1.65524 0.69709 0.51168 0.40873 -0.68942 0.30955
1403715908.534058 -0.60890 -1.67920 0.70638 -0.49508 -0.44487 0.66695 -0.33491
1403715908.584058 -0.59639 -1.68921 0.71149 -0.48608 -0.46268 0.65480 -0.34769
1403715908.684058 -0.57044 -1.70305 0.71978 -0.47166 -0.49874 0.62573 -0.37049
1403715908.784058 -0.54228 -1.71187 0.72652 -0.45583 -0.52916 0.59645 -0.39554
1403715908.834058 -0.52713 -1.71391 0.72841 -0.44686 -0.54300 0.58255 -0.40755
1403715908.934058 -0.49624 -1.71179 0.72962 0.42315 0.57251 -0.55840 0.42587
1403715908.984058 -0.47989 -1.70835 0.72841 0.41162 0.58882 -0.54567 0.43140
1403715909.084058 -0.44681 -1.69804 0.72616 0.39039 0.61958 -0.51947 0.44030
1403715909.134058 -0.42876 -1.69237 0.72434 0.38145 0.63372 -0.50539 0.44439
1403715909.234058 -0.39139 -1.67692 0.71883 0.36078 0.65762 -0.48028 0.45464
1403715909.284058 -0.37036 -1.66816 0.71485 0.34948 0.66743 -0.46878 0.46114
1403715909.384058 -0.32749 -1.64966 0.70673 0.33278 0.68608 -0.44269 0.47178
1403715909.434058 -0.30316 -1.63898 0.70284 0.32502 0.69471 -0.42959 0.47664
1403715909.534058 -0.25437 -1.61636 0.69030 0.31442 0.71250 -0.39786 0.48496
1403715909.634058 -0.19983 -1.58978 0.67419 0.29903 0.73054 -0.36468 0.49386
1403715909.684058 -0.16952 -1.57421 0.66654 0.28786 0.73749 -0.34843 0.50184
1403715909.784058 -0.10627 -1.53874 0.64759 0.26021 0.75239 -0.31506 0.51666
1403715909.834058 -0.07125 -1.51808 0.63814 0.24514 0.75940 -0.29608 0.52494
1403715909.934058 -0.00145 -1.47303 0.61877 0.20780 0.76755 -0.25717 0.54914
1403715909.984058 0.03386 -1.44780 0.60914 0.18855 0.77061 -0.23540 0.56143
1403715910.084058 0.10235 -1.39374 0.58800 0.15047 0.77838 -0.18735 0.57998
1403715910.134058 0.13220 -1.36520 0.57677 0.13148 0.78389 -0.16258 0.58463
1403715910.234058 0.18832 -1.30500 0.55181 0.09575 0.79493 -0.11424 0.58811
1403715910.284058 0.21384 -1.27407 0.53963 0.07854 0.79828 -0.09155 0.59009
1403715910.384058 0.25864 -1.21182 0.51796 0.04857 0.80055 -0.04951 0.59524
1403715910.484058 0.29489 -1.14845 0.49717 0.02253 0.79600 -0.01093 0.60478
1403715910.534058 0.30758 -1.11672 0.48827 0.01010 0.79312 0.00742 0.60894
1403715910.634058 0.33163 -1.05092 0.47041 -0.01461 0.78969 0.04063 0.61199
1403715910.684058 0.33955 -1.01788 0.46256 -0.02681 0.78880 0.05627 0.61149
1403715910.784058 0.35043 -0.94942 0.44942 -0.05167 0.78719 0.08559 0.60855
1403715910.834058 0.35285 -0.91498 0.44317 -0.06379 0.78522 0.10004 0.60775
1403715910.934058 0.34790 -0.84841 0.43228 -0.08847 0.78154 0.12870 0.60400
1403715910.984058 0.34215 -0.81464 0.42591 -0.10127 0.78027 0.14251 0.60051
1403715911.084058 0.32400 -0.74670 0.41586 -0.12740 0.77260 0.16941 0.59847
1403715911.134058 0.31212 -0.71244 0.41062 -0.14034 0.76700 0.18240 0.59895
1403715911.234058 0.27981 -0.64915 0.40163 -0.16602 0.75627 0.21014 0.59694
1403715911.334058 0.23693 -0.59352 0.39275 -0.19022 0.74851 0.23983 0.58824
1403715911.384058 0.21232 -0.56771 0.38784 -0.20237 0.74527 0.25411 0.58228
1403715911.484058 0.15706 -0.52088 0.37736 -0.22468 0.74053 0.28193 0.56714
1403715911.534058 0.12720 -0.49884 0.37109 -0.23456 0.73924 0.29500 0.55811
1403715911.634058 0.06347 -0.46096 0.35882 -0.24861 0.73664 0.32424 0.53891
1403715911.684058 0.03090 -0.44156 0.35328 -0.25307 0.73399 0.33973 0.53085
1403715911.784058 -0.03510 -0.40854 0.35005 -0.26021 0.72329 0.37100 0.52106
1403715911.834058 -0.06877 -0.38798 0.35224 -0.26566 0.71781 0.38403 0.51642
1403715911.934058 -0.13892 -0.35561 0.36781 -0.27816 0.70565 0.40713 0.50885
1403715911.984058 -0.17430 -0.33779 0.37990 -0.28551 0.70014 0.41625 0.50499
1403715912.084058 -0.24672 -0.30732 0.41159 -0.30011 0.69133 0.43162 0.49569
1403715912.184058 -0.31833 -0.27977 0.44436 -0.31529 0.68336 0.44372 0.48655
1403715912.234058 -0.35404 -0.26502 0.46004 -0.32281 0.67936 0.44927 0.48210
1403715912.334058 -0.42585 -0.23981 0.48967 -0.33590 0.66989 0.46159 0.47471
1403715912.384058 -0.46128 -0.22659 0.50372 -0.34136 0.66514 0.46841 0.47080
1403715912.484058 -0.53285 -0.20284 0.53077 -0.35238 0.65505 0.48336 0.46162
1403715912.534058 -0.56823 -0.19015 0.54371 -0.35830 0.64944 0.49111 0.45679
1403715912.634058 -0.63852 -0.16799 0.56907 -0.37145 0.63663 0.50879 0.44482
1403715912.684058 -0.67342 -0.15674 0.58106 -0.37805 0.62852 0.51884 0.43915
1403715912.784058 -0.74366 -0.13654 0.60610 -0.39524 0.60938 0.54026 0.42493
1403715912.834058 -0.77803 -0.12737 0.61661 -0.40351 0.59799 0.55284 0.41707
1403715912.934058 -0.84685 -0.11024 0.63117 -0.42158 0.57219 0.57938 0.39897
1403715913.034058 -0.91282 -0.09652 0.63044 -0.44021 0.54526 0.60434 0.37906
1403715913.084058 -0.94664 -0.08959 0.62554 -0.44843 0.53123 0.61645 0.36973
1403715913.184058 -1.01386 -0.07901 0.61093 -0.46526 0.50166 0.63894 0.35162
1403715913.234058 -1.04901 -0.07462 0.60441 -0.47489 0.48612 0.64760 0.34464
1403715913.334058 -1.11308 -0.06847 0.59066 -0.48923 0.45197 0.66512 0.33763
1403715913.384058 -1.14542 -0.06670 0.58469 -0.49288 0.43598 0.67327 0.33719
1403715913.484058 -1.20675 -0.06808 0.57406 0.50054 -0.40939 -0.68322 -0.33922
1403715913.534058 -1.23816 -0.07242 0.56957 0.50244 -0.39803 -0.68668 -0.34293
1403715913.634058 -1.30129 -0.08914 0.55963 0.50009 -0.37574 -0.69349 -0.35750
1403715913.684058 -1.33524 -0.10203 0.55515 -0.49890 0.36816 0.69531 0.36346
1403715913.784058 -1.40534 -0.14082 0.54506 -0.49644 0.36611 0.69868 0.36242
1403715913.884058 -1.48288 -0.19355 0.53716 -0.49035 0.37529 0.70358 0.35170
1403715913.934058 -1.52406 -0.22451 0.53529 -0.48802 0.38091 0.70502 0.34597
1403715914.034058 -1.61136 -0.29388 0.53436 -0.48444 0.38921 0.70596 0.33978
1403715914.184058 -1.75365 -0.41181 0.53945 -0.48010 0.39788 0.70379 0.34041
1403715914.234058 -1.80260 -0.45517 0.54202 -0.47889 0.40830 0.70190 0.33361
1403715914.334058 -1.90465 -0.54310 0.54650 -0.47099 0.43311 0.69846 0.32052
1403715914.384058 -1.95619 -0.58747 0.54965 -0.46394 0.44610 0.69753 0.31496
1403715914.484058 -2.06188 -0.67268 0.55644 -0.44842 0.46906 0.69454 0.31067
1403715914.634058 -2.22407 -0.78630 0.57016 -0.43081 0.50211 0.68333 0.30877
1403715914.734058 -2.33341 -0.84922 0.57861 -0.42462 0.53206 0.66821 0.30017
1403715914.784058 -2.38769 -0.87564 0.58220 -0.42419 0.55016 0.65779 0.29105
1403715914.884058 -2.49194 -0.91575 0.58870 -0.42380 0.58029 0.63908 0.27429
1403715915.034058 -2.63122 -0.94085 0.59959 -0.42368 0.60493 0.61994 0.26499
1403715915.184058 -2.74180 -0.91960 0.61218 -0.42669 0.61278 0.60928 0.26687
1403715915.234058 -2.77974 -0.90634 0.61691 -0.42843 0.60813 0.60775 0.27795
1403715915.334058 -2.82652 -0.85968 0.62839 -0.42955 0.58912 0.61088 0.30863
1403715915.384058 -2.84556 -0.83085 0.63077 -0.42898 0.57841 0.61351 0.32407
1403715915.484058 -2.87519 -0.76681 0.62446 -0.42639 0.56119 0.61939 0.34585
1403715915.584058 -2.90130 -0.69829 0.60180 -0.42702 0.55035 0.62189 0.35781
1403715915.734058 -2.93950 -0.59027 0.55207 -0.42249 0.53821 0.62939 0.36837
1403715915.884058 -2.98210 -0.47799 0.50028 -0.41841 0.54321 0.63568 0.35463
1403715916.034058 -3.02659 -0.35537 0.45384 -0.42216 0.54301 0.63625 0.34945
1403715916.184058 -3.06889 -0.22230 0.41027 -0.42642 0.54417 0.62644 0.36003
1403715916.234058 -3.08038 -0.17630 0.39661 -0.42618 0.54772 0.62045 0.36526
1403715916.334058 -3.10429 -0.08429 0.36967 -0.42075 0.55918 0.60567 0.37874
1403715916.434058 -3.12711 0.00907 0.34309 -0.41460 0.57546 0.58654 0.39105
1403715916.484058 -3.13792 0.05655 0.32981 -0.41018 0.58590 0.57616 0.39561
1403715916.584058 -3.15825 0.14968 0.30325 -0.39776 0.60766 0.55510 0.40546
1403715916.634058 -3.16735 0.19526 0.29060 -0.39255 0.61937 0.54278 0.40948
1403715916.734058 -3.18330 0.28653 0.26542 -0.38537 0.64126 0.51795 0.41473
1403715916.784058 -3.18942 0.33190 0.25507 -0.38357 0.65095 0.50612 0.41590
1403715916.884058 -3.19690 0.42210 0.23494 -0.38344 0.66789 0.48360 0.41597
1403715916.934058 -3.19628 0.46567 0.22838 -0.38474 0.67354 0.47307 0.41777
1403715917.034058 -3.18750 0.55256 0.21583 -0.38729 0.68170 0.45564 0.42152
1403715917.084058 -3.17735 0.59550 0.21261 -0.38666 0.68086 0.44987 0.42958
1403715917.184058 -3.14731 0.67868 0.20969 -0.37842 0.66782 0.44139 0.46476
1403715917.284058 -3.11180 0.75145 0.20829 -0.35879 0.65641 0.43676 0.49964
1403715917.334058 -3.09451 0.78312 0.20625 -0.35101 0.65413 0.43240 0.51179
1403715917.434058 -3.06392 0.83920 0.20351 -0.34006 0.65583 0.42549 0.52269
1403715917.584058 -3.02924 0.90462 0.19522 -0.33553 0.67785 0.41754 0.50358
1403715917.734058 -2.99846 0.95185 0.17688 -0.34693 0.68544 0.40608 0.49489
1403715917.884058 -2.96541 0.97783 0.15613 -0.35739 0.67409 0.39994 0.50786
1403715918.034058 -2.93235 0.97382 0.14446 -0.35261 0.66313 0.40637 0.52038
1403715918.134058 -2.91323 0.95132 0.13621 -0.33595 0.66291 0.41243 0.52687
1403715918.184058 -2.90516 0.93700 0.12871 -0.32767 0.66388 0.41226 0.53097
1403715918.284058 -2.89228 0.90413 0.11965 -0.32264 0.67089 0.40028 0.53439
1403715918.334058 -2.88635 0.88530 0.11122 -0.32262 0.67930 0.39151 0.53027
1403715918.434058 -2.87922 0.83778 0.08585 -0.32084 0.70202 0.37353 0.51450
1403715918.484058 -2.87546 0.81103 0.06764 -0.31813 0.71329 0.36539 0.50646
1403715918.584058 -2.86703 0.75131 0.02623 -0.31136 0.73012 0.34985 0.49759
1403715918.634058 -2.85963 0.71954 0.00326 -0.30649 0.73523 0.34483 0.49658
1403715918.734058 -2.84200 0.65133 -0.03571 -0.29037 0.74105 0.34329 0.49868
1403715918.784058 -2.83015 0.61586 -0.04985 -0.27952 0.74152 0.34648 0.50196
1403715918.884058 -2.80554 0.54333 -0.06976 -0.25616 0.74585 0.35792 0.49999
1403715918.984058 -2.77906 0.47354 -0.07656 -0.23973 0.75348 0.36746 0.48967
1403715919.034058 -2.76407 0.44078 -0.07680 -0.23363 0.75738 0.37116 0.48377
1403715919.134058 -2.73262 0.38464 -0.06520 -0.22064 0.75827 0.38111 0.48073
1403715919.284058 -2.68146 0.32748 -0.04034 -0.20284 0.74080 0.39853 0.50125
1403715919.334058 -2.66608 0.31769 -0.03420 -0.19880 0.73302 0.40329 0.51041
1403715919.434058 -2.63991 0.30845 -0.02930 -0.20888 0.72861 0.39845 0.51646
1403715919.584058 -2.61052 0.31168 -0.04654 -0.23105 0.72966 0.38360 0.51678
1403715919.834058 -2.57739 0.34422 -0.13157 -0.23297 0.72823 0.37978 0.52074
1403715919.984058 -2.56944 0.37780 -0.19235 -0.22963 0.73219 0.38270 0.51449
1403715920.134058 -2.57140 0.42563 -0.22972 -0.23034 0.73955 0.38437 0.50227
1403715920.284058 -2.57665 0.49049 -0.23397 -0.24106 0.74158 0.38145 0.49643
1403715920.334058 -2.57722 0.51676 -0.22684 -0.24830 0.73948 0.38017 0.49697
1403715920.434058 -2.57924 0.57155 -0.20787 -0.26164 0.73433 0.37745 0.49984
1403715920.484058 -2.57900 0.60001 -0.19696 -0.26794 0.73117 0.37603 0.50220
1403715920.584058 -2.57895 0.65576 -0.17626 -0.28026 0.72391 0.37206 0.50890
1403715920.684058 -2.57848 0.70733 -0.15709 -0.29095 0.71704 0.36860 0.51511
1403715920.734058 -2.57762 0.73191 -0.14472 -0.29525 0.71254 0.36862 0.51888
1403715920.834058 -2.57887 0.77521 -0.11180 -0.30328 0.70513 0.37313 0.52114
1403715920.884058 -2.58011 0.79294 -0.09201 -0.30663 0.70299 0.37760 0.51884
1403715920.984058 -2.58556 0.82365 -0.04611 -0.31384 0.70407 0.38909 0.50439
1403715921.034058 -2.58786 0.83522 -0.01937 -0.31678 0.70519 0.39620 0.49536
1403715921.134058 -2.59136 0.85453 0.03623 -0.31962 0.70435 0.41244 0.48128
1403715921.184058 -2.59135 0.86249 0.06503 -0.32111 0.70191 0.41900 0.47817
1403715921.284058 -2.58879 0.87796 0.12062 -0.32080 0.69709 0.43090 0.47484
1403715921.434058 -2.57981 0.90006 0.20252 -0.31176 0.69133 0.44794 0.47352
1403715921.534058 -2.57239 0.91699 0.25964 -0.30873 0.68951 0.45317 0.47319
1403715921.684058 -2.56300 0.94818 0.36149 -0.30763 0.68901 0.45440 0.47345
1403715921.834058 -2.55448 0.98634 0.47589 -0.31461 0.69213 0.44748 0.47090
1403715921.984058 -2.54520 1.02662 0.57403 -0.31984 0.69419 0.44057 0.47086
1403715922.134058 -2.53186 1.06736 0.66376 -0.32055 0.69197 0.43649 0.47739
1403715922.184058 -2.52687 1.08001 0.69683 -0.32242 0.69017 0.43430 0.48072
1403715922.284058 -2.51584 1.10543 0.77235 -0.32636 0.68621 0.43002 0.48753
1403715922.384058 -2.50509 1.12742 0.85579 -0.32524 0.68225 0.43036 0.49351
1403715922.434058 -2.49923 1.13684 0.89659 -0.32240 0.68079 0.43266 0.49538
1403715922.534058 -2.49063 1.15194 0.97661 -0.32317 0.68039 0.43297 0.49514
1403715922.584058 -2.48657 1.15891 1.01551 -0.32600 0.68052 0.43126 0.49461
1403715922.684058 -2.47994 1.16769 1.08795 -0.33036 0.68004 0.42892 0.49440
1403715922.834058 -2.47135 1.17194 1.17077 -0.32488 0.67858 0.43383 0.49576
1403715922.984058 -2.46889 1.17207 1.22312 -0.31808 0.67728 0.43897 0.49741
1403715923.234058 -2.48253 1.15872 1.30014 -0.30884 0.68154 0.44562 0.49147
1403715923.384058 -2.50218 1.14875 1.37434 -0.31352 0.69039 0.44311 0.47826
1403715923.534058 -2.52336 1.13849 1.43859 -0.32872 0.69789 0.43275 0.46649
1403715923.684058 -2.53528 1.12596 1.46499 -0.34272 0.70104 0.42296 0.46064
1403715923.984058 -2.52203 1.08147 1.37454 -0.35552 0.68588 0.41513 0.48045
1403715924.084058 -2.50764 1.05665 1.31873 -0.35240 0.67933 0.41740 0.49000
1403715924.234058 -2.48440 1.00466 1.22891 -0.34204 0.67558 0.42503 0.49593
1403715924.284058 -2.47759 0.98351 1.19903 -0.33973 0.67633 0.42657 0.49517
1403715924.384058 -2.46237 0.93675 1.14161 -0.33177 0.67899 0.43192 0.49229
1403715924.434058 -2.45335 0.91303 1.11322 -0.32947 0.68207 0.43326 0.48838
1403715924.534058 -2.43843 0.86153 1.05779 -0.32220 0.68947 0.43752 0.47895
1403715924.584058 -2.43069 0.83489 1.03094 -0.31996 0.69215 0.43831 0.47586
1403715924.684058 -2.41284 0.78332 0.97832 -0.32244 0.70045 0.43114 0.46852
1403715924.734058 -2.40157 0.75627 0.95104 -0.32362 0.70444 0.42414 0.46812
1403715924.834058 -2.37517 0.70411 0.89876 -0.32205 0.71236 0.40744 0.47204
1403715924.934058 -2.34172 0.65038 0.84854 -0.31499 0.72063 0.38651 0.48175
1403715924.984058 -2.32233 0.62235 0.82358 -0.30863 0.72298 0.37587 0.49068
1403715925.084058 -2.28051 0.56247 0.78084 -0.29403 0.72413 0.35225 0.51487
1403715925.134058 -2.25966 0.52997 0.76278 -0.28513 0.72455 0.34083 0.52685
1403715925.234058 -2.21911 0.45939 0.73788 -0.26827 0.73062 0.31673 0.54213
1403715925.284058 -2.20009 0.42132 0.72993 -0.25980 0.73636 0.30428 0.54562
1403715925.384058 -2.16449 0.33997 0.72216 -0.24503 0.75265 0.27727 0.54461
1403715925.434058 -2.14751 0.29729 0.72027 -0.23773 0.76160 0.26360 0.54219
1403715925.534058 -2.11366 0.20721 0.71611 -0.22078 0.77902 0.23742 0.53667
1403715925.584058 -2.09578 0.16009 0.71478 -0.21128 0.78566 0.22483 0.53624
1403715925.684058 -2.05866 0.06218 0.71323 -0.19265 0.79490 0.19834 0.54008
1403715925.784058 -2.01825 -0.04006 0.71258 -0.17344 0.80141 0.17125 0.54620
1403715925.834058 -1.99616 -0.09315 0.71209 -0.16407 0.80369 0.15721 0.54996
1403715925.934058 -1.95234 -0.20333 0.70979 -0.14178 0.80666 0.13054 0.55872
1403715925.984058 -1.93026 -0.25967 0.70896 -0.12965 0.80736 0.11712 0.56360
1403715926.084058 -1.88652 -0.37609 0.70385 -0.11039 0.80591 0.08521 0.57538
1403715926.134058 -1.86609 -0.43603 0.69742 -0.10108 0.80374 0.06776 0.58240
1403715926.234058 -1.82899 -0.55956 0.67392 -0.08105 0.79983 0.03214 0.59387
1403715926.284058 -1.81379 -0.62334 0.65719 -0.07000 0.79796 0.01458 0.59845
1403715926.384058 -1.78782 -0.75523 0.61683 -0.04297 0.79353 -0.01730 0.60677
1403715926.434058 -1.77822 -0.82184 0.59536 -0.02669 0.78967 -0.03110 0.61216
1403715926.534058 -1.76673 -0.95822 0.55206 0.00507 0.78245 -0.05780 0.62001
1403715926.634058 -1.76735 -1.09596 0.50623 0.03416 0.78370 -0.08438 0.61443
1403715926.684058 -1.77142 -1.16424 0.48285 0.04628 0.78631 -0.09885 0.60812
1403715926.784058 -1.78597 -1.29950 0.43913 0.07346 0.79213 -0.12367 0.59316
1403715926.834058 -1.79587 -1.36519 0.42034 0.08833 0.79532 -0.13349 0.58467
1403715926.934058 -1.82011 -1.49300 0.39270 0.11167 0.79875 -0.15366 0.57089
1403715926.984058 -1.82997 -1.55663 0.38299 0.12089 0.79962 -0.16366 0.56498
1403715927.084058 -1.85153 -1.67956 0.37276 0.13852 0.79449 -0.18150 0.56273
1403715927.134058 -1.86025 -1.74008 0.36544 0.14805 0.79066 -0.18936 0.56310
1403715927.234058 -1.87824 -1.85421 0.35404 0.17892 0.78185 -0.19639 0.56402
1403715927.284058 -1.88858 -1.90648 0.34747 0.19481 0.77770 -0.19904 0.56357
1403715927.384058 -1.90632 -2.00017 0.33865 0.22185 0.76551 -0.20595 0.56777
1403715927.484058 -1.92396 -2.07686 0.33229 0.23789 0.74845 -0.22077 0.57835
1403715927.534058 -1.93099 -2.10902 0.32860 0.23939 0.73879 -0.23333 0.58519
1403715927.684058 -1.97150 -2.18062 0.32058 0.24793 0.71065 -0.27481 0.59832
1403715927.784058 -2.01172 -2.21006 0.31203 0.26653 0.69927 -0.30192 0.59061
1403715927.834058 -2.03452 -2.21949 0.30631 0.27973 0.69498 -0.31490 0.58275
1403715927.934058 -2.08857 -2.22571 0.29448 0.30757 0.68700 -0.34251 0.56225
1403715927.984058 -2.11825 -2.22237 0.28719 0.32091 0.68293 -0.35766 0.55018
1403715928.084058 -2.18114 -2.20408 0.26654 0.34223 0.67036 -0.39324 0.52807
1403715928.134058 -2.21354 -2.18991 0.25106 0.34892 0.66238 -0.41454 0.51736
1403715928.234058 -2.27825 -2.15356 0.21076 0.36395 0.64143 -0.45603 0.49815
1403715928.334058 -2.34294 -2.10753 0.16189 0.38684 0.61087 -0.48949 0.48744
1403715928.384058 -2.37570 -2.08011 0.13674 0.40013 0.59487 -0.50320 0.48251
1403715928.484058 -2.44082 -2.01518 0.08282 0.41755 0.56610 -0.53248 0.47079
1403715928.534058 -2.47494 -1.97763 0.05504 0.42111 0.55675 -0.54835 0.46045
1403715928.634058 -2.54124 -1.89439 0.00180 -0.42378 -0.54275 0.57535 -0.44137
1403715928.684058 -2.57532 -1.84931 -0.01984 -0.42484 -0.54026 0.58475 -0.43091
1403715928.784058 -2.64188 -1.75481 -0.05444 -0.41483 -0.54736 0.60462 -0.40342
1403715928.834058 -2.67558 -1.70709 -0.06337 -0.40482 -0.55532 0.61287 -0.39003
1403715928.934058 -2.73996 -1.61763 -0.06172 -0.38084 -0.57531 0.62179 -0.37062
1403715928.984058 -2.77129 -1.57880 -0.04944 -0.36742 -0.58717 0.62256 -0.36423
1403715929.084058 -2.83266 -1.51602 -0.00617 -0.34410 -0.60824 0.61990 -0.35687
1403715929.184058 -2.89498 -1.47389 0.04655 0.32776 0.62780 -0.61309 0.35010
1403715929.334058 -2.98405 -1.45645 0.11848 0.34072 0.65368 -0.58170 0.34387
1403715929.384058 -3.00846 -1.46571 0.13987 0.35951 0.66045 -0.56274 0.34333
1403715929.484058 -3.05225 -1.48731 0.17770 0.40341 0.66876 -0.52133 0.34385
1403715929.534058 -3.06759 -1.50132 0.19549 0.42440 0.67166 -0.50185 0.34191
1403715929.634058 -3.07715 -1.52931 0.23095 0.45619 0.67269 -0.47438 0.33815
1403715929.684058 -3.07023 -1.54204 0.24922 0.45799 0.66953 -0.47521 0.34080
1403715929.784058 -3.03483 -1.56613 0.28048 0.43772 0.65527 -0.49947 0.35993
1403715929.834058 -3.00919 -1.57808 0.29603 0.42760 0.64525 -0.51096 0.37380
1403715929.934058 -2.95051 -1.59947 0.31054 0.40526 0.61810 -0.53386 0.41074
1403715930.034058 -2.87489 -1.62748 0.33263 0.38754 0.59317 -0.55061 0.44135
1403715930.084058 -2.84188 -1.63704 0.33137 0.37837 0.58165 -0.55844 0.45460
1403715930.184058 -2.77886 -1.65648 0.33453 -0.36427 -0.56276 0.57038 -0.47463
1403715930.234058 -2.75225 -1.66383 0.33687 -0.35801 -0.55560 0.57573 -0.48133
1403715930.384058 -2.69709 -1.67853 0.34233 -0.35220 -0.55147 0.58441 -0.47990
1403715930.484058 -2.68027 -1.68205 0.33857 -0.35272 -0.56444 0.58814 -0.45944
1403715930.534058 -2.67411 -1.68251 0.33293 -0.35258 -0.57018 0.59003 -0.44994
1403715930.634058 -2.67193 -1.68558 0.31456 -0.34832 -0.58094 0.59585 -0.43144
1403715930.784058 -2.68850 -1.70273 0.30330 -0.34118 -0.58549 0.60412 -0.41932
1403715930.884058 -2.71162 -1.72711 0.31648 -0.34869 -0.59395 0.60084 -0.40575
1403715931.034058 -2.75616 -1.78129 0.35457 0.36008 0.60851 -0.59440 0.38307
1403715931.184058 -2.79993 -1.86083 0.37734 0.35422 0.61747 -0.59880 0.36701
1403715931.334058 -2.83835 -1.97362 0.41321 0.35340 0.61574 -0.60031 0.36825
1403715931.384058 -2.85034 -2.02026 0.43236 0.35418 0.61364 -0.59998 0.37152
1403715931.484058 -2.87280 -2.12302 0.47593 0.35760 0.61092 -0.59689 0.37765
1403715931.534058 -2.88374 -2.17893 0.49491 0.35953 0.61040 -0.59481 0.37995
1403715931.634058 -2.90334 -2.29750 0.52283 0.36487 0.61115 -0.58874 0.38308
1403715931.734058 -2.91950 -2.42285 0.53635 0.37108 0.61352 -0.58117 0.38488
1403715931.784058 -2.92739 -2.48886 0.53864 0.37307 0.61459 -0.57783 0.38628
1403715931.884058 -2.93966 -2.62361 0.54376 0.37905 0.61164 -0.57012 0.39646
1403715931.934058 -2.94465 -2.69281 0.54736 0.38354 0.60902 -0.56535 0.40295
1403715932.034058 -2.95197 -2.83149 0.55649 0.39334 0.60151 -0.55546 0.41826
1403715932.084058 -2.95422 -2.90012 0.56301 0.40031 0.59659 -0.54904 0.42707
1403715932.184058 -2.95652 -3.03149 0.58027 0.41962 0.58361 -0.53281 0.44658
1403715932.234058 -2.95593 -3.09325 0.59151 0.43176 0.57585 -0.52267 0.45694
1403715932.334058 -2.95290 -3.20424 0.61585 0.45172 0.55781 -0.50514 0.47920
1403715932.384058 -2.94983 -3.25023 0.62852 0.46022 0.55001 -0.49741 0.48813
1403715932.484058 -2.94281 -3.32180 0.65217 0.47082 0.53774 -0.48700 0.50198
1403715932.584058 -2.93471 -3.36026 0.67838 0.48088 0.52501 -0.47660 0.51573
1403715932.634058 -2.92933 -3.36167 0.69219 0.48497 0.51815 -0.47179 0.52321
1403715932.734058 -2.92050 -3.34081 0.72200 0.49270 0.50781 -0.46359 0.53335
1403715932.884058 -2.90844 -3.23389 0.76596 0.49062 0.51330 -0.47080 0.52361
1403715932.934058 -2.90388 -3.17938 0.78026 0.48041 0.52471 -0.48392 0.50961
1403715933.034058 -2.89517 -3.04618 0.80641 0.45160 0.55237 -0.51600 0.47401
1403715933.084058 -2.88918 -2.97185 0.82132 0.43752 0.56478 -0.53049 0.45627
1403715933.184058 -2.87809 -2.81491 0.84838 0.40712 0.58807 -0.55787 0.42096
1403715933.234058 -2.87125 -2.73527 0.86233 0.39259 0.59831 -0.56964 0.40424
1403715933.334058 -2.85825 -2.58049 0.88819 0.35996 0.61609 -0.59315 0.37287
1403715933.434058 -2.84680 -2.44050 0.91270 0.32041 0.62842 -0.61844 0.34635
1403715933.484058 -2.84091 -2.37841 0.92495 0.30019 0.63313 -0.63068 0.33359
1403715933.584058 -2.83077 -2.28266 0.95275 -0.26877 -0.64096 0.64893 -0.30957
1403715933.634058 -2.82235 -2.25028 0.96852 -0.25803 -0.64276 0.65686 -0.29801
1403715933.734058 -2.81708 -2.22319 1.00524 -0.25068 -0.65054 0.66040 -0.27896
1403715933.884058 -2.81317 -2.27239 1.08160 -0.26696 -0.65157 0.65375 -0.27712
1403715934.034058 -2.81143 -2.44278 1.18790 -0.33524 -0.62073 0.62282 -0.33825
1403715934.084058 -2.81052 -2.51358 1.22790 -0.36444 -0.60578 0.60614 -0.36443
1403715934.184058 -2.80755 -2.65655 1.29799 -0.42012 -0.56851 0.57004 -0.41875
1403715934.284058 -2.80439 -2.79245 1.34304 -0.46189 -0.53727 0.53770 -0.45704
1403715934.334058 -2.80266 -2.85421 1.35860 -0.47624 -0.52429 0.52511 -0.47178
1403715934.434058 -2.79812 -2.95870 1.37917 0.50034 0.50185 -0.50146 0.49634
1403715934.484058 -2.79572 -2.99910 1.38545 0.50987 0.49188 -0.49105 0.50691
1403715934.584058 -2.78940 -3.05200 1.39183 0.52415 0.47533 -0.47268 0.52526
1403715934.634058 -2.78645 -3.06210 1.39314 0.52876 0.46890 -0.46544 0.53284
1403715934.734058 -2.77845 -3.04322 1.39816 0.53021 0.46150 -0.45750 0.54460
1403715934.884058 -2.76733 -2.91341 1.41594 0.50906 0.47844 -0.47379 0.53617
1403715934.934058 -2.76388 -2.84717 1.42281 0.49320 0.49557 -0.49018 0.52048
1403715935.034058 -2.75973 -2.68263 1.43487 0.45531 0.52988 -0.52635 0.48464
1403715935.134058 -2.75708 -2.49732 1.43718 0.41695 0.56168 -0.56027 0.44358
1403715935.184058 -2.75549 -2.40035 1.43619 0.39855 0.57508 -0.57502 0.42401
1403715935.284058 -2.75866 -2.20486 1.42307 0.36810 0.59758 -0.59530 0.39117
1403715935.334058 -2.75904 -2.10969 1.41260 0.35606 0.60656 -0.60306 0.37633
1403715935.434058 -2.76004 -1.93072 1.38373 0.33700 0.62026 -0.61452 0.35224
1403715935.484058 -2.76027 -1.84781 1.36592 0.32930 0.62526 -0.61890 0.34289
1403715935.584058 -2.76017 -1.70217 1.32253 0.31890 0.63331 -0.62408 0.32825
1403715935.734058 -2.75327 -1.54471 1.25522 0.30297 0.64168 -0.63331 0.30884
1403715935.784058 -2.74803 -1.51453 1.23640 0.29715 0.64421 -0.63646 0.30267
1403715936.034058 -2.73469 -1.51360 1.16441 0.31030 0.63933 -0.63209 0.30893
1403715936.134058 -2.72612 -1.58442 1.15561 0.35097 0.61910 -0.61155 0.34575
1403715936.184058 -2.72138 -1.62968 1.15317 0.37270 0.60682 -0.59943 0.36544
1403715936.284058 -2.70979 -1.72080 1.14792 0.41512 0.57982 -0.57301 0.40390
1403715936.334058 -2.70364 -1.76578 1.14429 0.43097 0.56675 -0.56265 0.42011
1403715936.434058 -2.68808 -1.84524 1.13323 -0.45126 -0.54472 0.54896 -0.44530
1403715936.484058 -2.68040 -1.87842 1.12635 -0.45675 -0.53797 0.54529 -0.45236
1403715936.584058 -2.66427 -1.93093 1.11145 -0.46254 -0.52523 0.54155 -0.46575
1403715936.734058 -2.64010 -1.96845 1.09192 -0.46292 -0.51470 0.54209 -0.47637
1403715936.834058 -2.62607 -1.96465 1.07815 -0.45615 -0.52465 0.54983 -0.46299
1403715936.884058 -2.61930 -1.95580 1.07149 -0.45290 -0.52991 0.55355 -0.45570
1403715936.984058 -2.60638 -1.92726 1.05682 -0.44380 -0.53875 0.56059 -0.44556
1403715937.034058 -2.60027 -1.90877 1.04824 -0.43847 -0.54422 0.56224 -0.44211
1403715937.134058 -2.58733 -1.86548 1.02990 -0.42145 -0.55982 0.56558 -0.43486
1403715937.184058 -2.57958 -1.84185 1.02424 0.41271 0.56823 -0.56471 0.43347
1403715937.284058 -2.56710 -1.78955 0.99907 0.39589 0.58580 -0.55838 0.43395
1403715937.334058 -2.56201 -1.76226 0.97974 0.38953 0.59505 -0.55163 0.43576
1403715937.434058 -2.54647 -1.71006 0.94842 0.37693 0.61132 -0.53619 0.44353
1403715937.484058 -2.54053 -1.68279 0.92560 0.36918 0.62042 -0.52997 0.44488
1403715937.584058 -2.52850 -1.62798 0.86933 0.34523 0.64250 -0.52641 0.43693
1403715937.684058 -2.51553 -1.57972 0.81196 0.32176 0.66506 -0.52174 0.42656
1403715937.834058 -2.49223 -1.52618 0.73113 0.29707 0.68993 -0.50807 0.42145
1403715937.884058 -2.48294 -1.51428 0.70548 0.28975 0.69612 -0.50289 0.42256
1403715937.984058 -2.46107 -1.50215 0.65576 0.27842 0.71013 -0.48851 0.42374
1403715938.134058 -2.41629 -1.51246 0.58897 0.25901 0.73041 -0.46486 0.42816
1403715938.284058 -2.35147 -1.56055 0.55193 0.24776 0.74743 -0.43078 0.44091
1403715938.334058 -2.32539 -1.58618 0.54919 0.25185 0.74978 -0.41310 0.45140
1403715938.534058 -2.20279 -1.71072 0.56697 0.24990 0.75289 -0.35261 0.49636
1403715938.584058 -2.16932 -1.74273 0.57032 0.24499 0.75337 -0.34244 0.50512
1403715938.684058 -2.10167 -1.80683 0.57520 0.23427 0.75716 -0.32955 0.51306
1403715938.834058 -1.99288 -1.90581 0.57674 0.21433 0.77632 -0.32672 0.49461
1403715938.884058 -1.95415 -1.94097 0.57566 0.20741 0.78335 -0.32789 0.48563
1403715939.134058 -1.73010 -2.14433 0.56230 0.18791 0.80272 -0.32848 0.46091
1403715939.184058 -1.67930 -2.19374 0.56605 0.19145 0.79768 -0.32462 0.47082
1403715939.384058 -1.44442 -2.40579 0.57472 0.21959 0.75191 -0.30068 0.54405
1403715939.434058 -1.38540 -2.45833 0.57608 0.22651 0.73971 -0.29542 0.56057
1403715939.534058 -1.27282 -2.55722 0.57737 0.23926 0.71779 -0.28574 0.58811
1403715939.584058 -1.22105 -2.60116 0.57810 0.24516 0.70736 -0.28196 0.60003
1403715939.684058 -1.12936 -2.67563 0.58645 0.25957 0.67949 -0.27179 0.63011
1403715939.734058 -1.09118 -2.70376 0.59305 0.26596 0.66682 -0.26766 0.64263
1403715939.834058 -1.03435 -2.74078 0.61192 0.27516 0.64833 -0.26301 0.65938
1403715939.884058 -1.01621 -2.74647 0.62536 0.27872 0.64251 -0.26172 0.66408
1403715940.034058 -1.00511 -2.71323 0.67795 0.27798 0.65670 -0.27032 0.64684
1403715940.134058 -1.02675 -2.65433 0.71829 0.26438 0.69265 -0.28740 0.60641
1403715940.234058 -1.06345 -2.57559 0.76127 0.24803 0.72705 -0.30376 0.56357
1403715940.284058 -1.08408 -2.53066 0.78223 0.23874 0.74270 -0.31173 0.54243
1403715940.384058 -1.12550 -2.44096 0.82298 0.21870 0.77126 -0.32630 0.50086
1403715940.434058 -1.14444 -2.39744 0.84297 0.20854 0.78462 -0.33318 0.47945
1403715940.534058 -1.17455 -2.31719 0.88047 0.18637 0.80776 -0.34719 0.43845
1403715940.584058 -1.18403 -2.28335 0.89906 0.17324 0.81817 -0.35564 0.41726
1403715940.684058 -1.18673 -2.23205 0.93397 0.14692 0.83500 -0.37298 0.37694
1403715940.834058 -1.14078 -2.21814 0.99506 0.13455 0.85011 -0.37708 0.34210
1403715940.984058 -1.01199 -2.29900 1.07612 0.16225 0.83353 -0.36483 0.38184
1403715941.084058 -0.89014 -2.39225 1.14118 0.19675 0.79895 -0.34768 0.44954
1403715941.134058 -0.82419 -2.44437 1.17564 0.21436 0.77476 -0.33803 0.48942
1403715941.234058 -0.69216 -2.54869 1.24143 0.24597 0.72509 -0.31708 0.55965
1403715941.284058 -0.62913 -2.59803 1.27153 0.25464 0.70343 -0.31004 0.58670
1403715941.384058 -0.51318 -2.68543 1.32482 0.26573 0.67088 -0.29960 0.62414
1403715941.434058 -0.46167 -2.72283 1.34754 0.26877 0.65755 -0.29584 0.63864
1403715941.534058 -0.37212 -2.78445 1.37421 0.27013 0.64126 -0.29209 0.65612
1403715941.584058 -0.33563 -2.80844 1.38104 0.27032 0.63462 -0.29050 0.66317
1403715941.684058 -0.28319 -2.83853 1.38021 0.27019 0.61640 -0.28676 0.68177
1403715941.734058 -0.26934 -2.84260 1.37688 0.26998 0.60608 -0.28440 0.69202
1403715941.834058 -0.26971 -2.82874 1.36492 0.27209 0.58821 -0.27844 0.70883
1403715941.984058 -0.34215 -2.74706 1.33608 0.27446 0.59894 -0.27900 0.69864
1403715942.084058 -0.43479 -2.65341 1.30526 0.26717 0.64098 -0.29177 0.65775
1403715942.134058 -0.48974 -2.59668 1.28493 0.26000 0.66511 -0.30089 0.63206
1403715942.234058 -0.61154 -2.47441 1.23014 0.24176 0.71019 -0.31879 0.57928
1403715942.284058 -0.67518 -2.40941 1.19285 0.23010 0.73262 -0.32863 0.54984
1403715942.384058 -0.80435 -2.28012 1.10469 0.20822 0.76687 -0.34400 0.50023
1403715942.434058 -0.86694 -2.21721 1.05538 0.19886 0.77824 -0.34976 0.48214
1403715942.534058 -0.98463 -2.10100 0.95136 0.17989 0.79687 -0.36070 0.45005
1403715942.584058 -1.03913 -2.04847 0.89950 0.17273 0.80572 -0.36383 0.43429
1403715942.684058 -1.13419 -1.96068 0.79797 0.16383 0.82090 -0.36612 0.40650
1403715942.784058 -1.20413 -1.89916 0.70183 0.16115 0.82829 -0.36551 0.39289
1403715942.934058 -1.26138 -1.87824 0.56894 0.16219 0.83117 -0.35840 0.39293
1403715943.084058 -1.24944 -1.92210 0.45972 0.17573 0.82976 -0.34326 0.40347
1403715943.284058 -1.13340 -2.06368 0.37854 0.20347 0.79281 -0.32090 0.47652
1403715943.434058 -1.00947 -2.18835 0.35955 0.22622 0.73914 -0.29156 0.56346
1403715943.534058 -0.93197 -2.26242 0.34932 0.23316 0.71450 -0.27480 0.59968
1403715943.634058 -0.86745 -2.32188 0.33706 0.23790 0.69851 -0.26579 0.62036
1403715943.684058 -0.84278 -2.34773 0.33213 0.24000 0.69091 -0.26371 0.62888
1403715943.784058 -0.80585 -2.38353 0.32548 0.24405 0.67354 -0.26222 0.64655
1403715943.834058 -0.79754 -2.39227 0.32597 0.24804 0.66515 -0.26159 0.65392
1403715944.084058 -0.86657 -2.32820 0.37372 0.23582 0.68324 -0.28128 0.63123
1403715944.134058 -0.90044 -2.29591 0.38916 0.22248 0.70498 -0.28979 0.60789
1403715944.234058 -0.97580 -2.22481 0.41807 0.18922 0.75155 -0.30340 0.55436
1403715944.284058 -1.01623 -2.18707 0.43123 0.17302 0.77374 -0.30653 0.52672
1403715944.484058 -1.15967 -2.06354 0.46471 0.12614 0.83516 -0.28562 0.45279
1403715944.534058 -1.18929 -2.04271 0.47370 0.11571 0.84593 -0.27563 0.44164
1403715944.634058 -1.22470 -2.01728 0.48529 0.09379 0.86202 -0.25345 0.42881
1403715944.684058 -1.23161 -2.01349 0.49476 0.08332 0.86763 -0.24292 0.42575
1403715944.784058 -1.22227 -2.02189 0.51618 0.06799 0.87717 -0.21625 0.42331
1403715944.934058 -1.14972 -2.07895 0.56116 0.07176 0.86766 -0.15550 0.46673
1403715945.084058 -1.03436 -2.15311 0.61498 0.08957 0.81804 -0.09311 0.56046
1403715945.134058 -0.99308 -2.17840 0.63233 0.09373 0.80007 -0.07928 0.58721
1403715945.234058 -0.91779 -2.21929 0.66150 0.10039 0.77156 -0.06014 0.62530
1403715945.334058 -0.85736 -2.24899 0.68936 0.10463 0.74729 -0.05102 0.65422
1403715945.384058 -0.83455 -2.25863 0.70453 0.10766 0.73466 -0.04791 0.66812
1403715945.484058 -0.80932 -2.26537 0.73657 0.10877 0.71043 -0.04709 0.69372
1403715945.634058 -0.82650 -2.24602 0.77863 0.09485 0.72573 -0.06316 0.67847
1403715945.684058 -0.84539 -2.23318 0.79055 0.08684 0.74580 -0.07152 0.65660
1403715945.784058 -0.89998 -2.20088 0.81282 0.07659 0.78389 -0.08438 0.61035
1403715945.834058 -0.92914 -2.18307 0.82665 0.07399 0.80334 -0.08868 0.58421
1403715945.934058 -0.99099 -2.14768 0.84968 0.06731 0.83789 -0.09706 0.53290
1403715945.984058 -1.01794 -2.12615 0.86358 0.06220 0.85137 -0.09974 0.51123
1403715946.084058 -1.06322 -2.08861 0.88715 0.05353 0.87180 -0.09733 0.47710
1403715946.234058 -1.08821 -2.03936 0.92362 0.03533 0.89458 -0.08315 0.43769
1403715946.334058 -1.06454 -2.01431 0.95120 0.02576 0.89971 -0.06642 0.43063
1403715946.484058 -0.95953 -1.98332 1.01008 0.02600 0.87451 -0.03047 0.48336
1403715946.534058 -0.91230 -1.97304 1.03074 0.02385 0.86005 -0.02237 0.50917
1403715946.634058 -0.81074 -1.95092 1.07327 0.01898 0.82490 -0.01081 0.56486
1403715946.784058 -0.66396 -1.91591 1.13297 0.00998 0.78126 -0.00172 0.62412
1403715946.834058 -0.61996 -1.90427 1.14922 0.00766 0.77302 0.00006 0.63433
1403715946.934058 -0.54435 -1.87974 1.17885 0.00535 0.75821 0.00310 0.65198
1403715947.034058 -0.48916 -1.85480 1.20467 0.00638 0.74443 0.00479 0.66765
1403715947.084058 -0.47061 -1.84213 1.21641 0.00498 0.73611 0.00358 0.67684
1403715947.184058 -0.45555 -1.81566 1.24131 0.00457 0.70543 -0.00005 0.70876
1403715947.234058 -0.46098 -1.80263 1.25054 0.00404 0.69410 -0.00295 0.71986
1403715947.384058 -0.52623 -1.76185 1.25904 0.00368 0.70526 -0.01248 0.70883
1403715947.484058 -0.60992 -1.73336 1.24539 0.00340 0.74609 -0.01765 0.66561
1403715947.534058 -0.66173 -1.71856 1.23541 0.00069 0.76591 -0.02071 0.64262
1403715947.634058 -0.77514 -1.69036 1.20504 -0.00956 0.80388 -0.02852 0.59403
1403715947.684058 -0.83434 -1.67695 1.18619 -0.01520 0.82150 -0.03262 0.56907
1403715947.784058 -0.94679 -1.65418 1.13975 -0.01845 0.84916 -0.03477 0.52667
1403715947.884058 -1.04740 -1.63727 1.08580 -0.01207 0.86837 -0.02809 0.49497
1403715947.934058 -1.09171 -1.62992 1.05574 -0.00981 0.87691 -0.02474 0.47991
1403715948.034058 -1.16181 -1.61863 0.99584 -0.00688 0.89254 -0.01702 0.45060
1403715948.084058 -1.18381 -1.61490 0.96643 -0.00683 0.89934 -0.01456 0.43695
1403715948.184058 -1.20057 -1.60776 0.91350 -0.00546 0.90768 -0.00846 0.41953
1403715948.384058 -1.10039 -1.60011 0.84326 -0.00918 0.88445 -0.00565 0.46651
1403715948.484058 -1.00828 -1.59641 0.81763 -0.00791 0.85569 -0.00493 0.51740
1403715948.534058 -0.95687 -1.59491 0.80505 -0.00552 0.84108 -0.00455 0.54087
1403715948.734058 -0.74887 -1.59038 0.75075 0.00692 0.78615 -0.00602 0.61796
1403715948.784058 -0.70242 -1.58981 0.73344 0.01013 0.77561 -0.00661 0.63110
1403715948.884058 -0.62263 -1.58745 0.70049 0.01208 0.75953 -0.00790 0.65031
1403715948.934058 -0.58966 -1.58608 0.68408 0.00957 0.75280 -0.00767 0.65813
1403715949.034058 -0.54131 -1.58118 0.65633 0.00296 0.73907 -0.00250 0.67361
1403715949.184058 -0.51902 -1.57149 0.61842 -0.01404 0.74146 0.01212 0.67074
1403715949.234058 -0.52540 -1.56755 0.60461 -0.01908 0.75533 0.01976 0.65477
1403715949.334058 -0.55075 -1.56176 0.57761 -0.03121 0.78849 0.03623 0.61318
1403715949.384058 -0.56861 -1.55932 0.56486 -0.03554 0.80694 0.04461 0.58787
1403715949.484058 -0.60522 -1.55592 0.54207 -0.04261 0.83854 0.06039 0.53981
1403715949.584058 -0.63381 -1.55185 0.52397 -0.04899 0.85777 0.07823 0.50567
1403715949.634058 -0.64253 -1.54923 0.51727 -0.05417 0.86416 0.08724 0.49263
1403715949.734058 -0.64462 -1.53976 0.50400 -0.06371 0.87441 0.10691 0.46895
1403715949.784058 -0.63424 -1.53397 0.50124 -0.06710 0.87771 0.11899 0.45930
1403715950.034058 -0.48750 -1.46935 0.50122 -0.06989 0.86266 0.18980 0.46359
1403715950.184058 -0.33298 -1.38908 0.51431 -0.08372 0.82218 0.22073 0.51797
1403715950.234058 -0.27677 -1.35626 0.52114 -0.09502 0.80350 0.22197 0.54414
1403715950.334058 -0.16847 -1.28526 0.53256 -0.12185 0.77108 0.21478 0.58690
1403715950.434058 -0.07072 -1.21453 0.54106 -0.14163 0.74297 0.20548 0.62106
1403715950.484058 -0.02763 -1.18136 0.54610 -0.14813 0.72944 0.20150 0.63669
1403715950.584058 0.04172 -1.12078 0.55456 -0.15456 0.70907 0.19473 0.65986
1403715950.634058 0.06718 -1.09425 0.55952 -0.15734 0.70274 0.19175 0.66680
1403715950.734058 0.09562 -1.05007 0.57194 -0.16157 0.68973 0.18675 0.68066
1403715950.784058 0.09758 -1.03305 0.58011 -0.16352 0.68356 0.18511 0.68683
1403715950.884058 0.07375 -1.01003 0.59829 -0.16733 0.67524 0.18320 0.69461
1403715951.034058 -0.02659 -1.00491 0.62088 -0.17012 0.70954 0.18840 0.65735
1403715951.084058 -0.07639 -1.01105 0.62758 -0.16762 0.72938 0.19269 0.63465
1403715951.184058 -0.18550 -1.02818 0.63941 -0.15894 0.76725 0.20699 0.58585
1403715951.284058 -0.30015 -1.04680 0.65127 -0.14986 0.80164 0.22485 0.53325
1403715951.334058 -0.35620 -1.05499 0.65738 -0.14828 0.81462 0.23268 0.51017
1403715951.434058 -0.45984 -1.06725 0.67219 -0.14615 0.83283 0.25017 0.47165
1403715951.484058 -0.50557 -1.06982 0.68035 -0.14598 0.83994 0.25916 0.45389
1403715951.584058 -0.58090 -1.06395 0.69675 -0.14719 0.84979 0.27491 0.42499
1403715951.634058 -0.61051 -1.05497 0.70592 -0.14918 0.85272 0.28226 0.41345
1403715951.734058 -0.64597 -1.02414 0.72666 -0.15391 0.85405 0.29912 0.39677
1403715951.884058 -0.63818 -0.93837 0.76601 -0.17063 0.84278 0.32018 0.39761
1403715951.934058 -0.61899 -0.89880 0.78476 -0.18471 0.82959 0.32313 0.41622
1403715952.034058 -0.56181 -0.80906 0.82343 -0.21706 0.79327 0.32809 0.46471
1403715952.134058 -0.49554 -0.71332 0.86102 -0.25363 0.74982 0.32879 0.51512
1403715952.184058 -0.45658 -0.66789 0.87482 -0.26922 0.73045 0.33071 0.53348
1403715952.284058 -0.39012 -0.58410 0.90399 -0.29510 0.70007 0.33280 0.55862
1403715952.334058 -0.35860 -0.54899 0.91723 -0.30498 0.68813 0.33426 0.56721
1403715952.434058 -0.30657 -0.49161 0.94446 -0.32102 0.66717 0.33594 0.58221
1403715952.484058 -0.28419 -0.47150 0.95635 -0.32780 0.65925 0.33808 0.58621
1403715952.584058 -0.25050 -0.44699 0.98320 -0.33932 0.64301 0.34437 0.59398
1403715952.634058 -0.23726 -0.44480 0.99558 -0.34714 0.63430 0.34546 0.59817
1403715952.734058 -0.22373 -0.45879 1.02463 -0.36192 0.61253 0.34291 0.61338
1403715952.784058 -0.22001 -0.47597 1.03840 -0.36835 0.60166 0.34098 0.62133
1403715952.884058 -0.22980 -0.53748 1.06485 -0.37197 0.59665 0.34347 0.62264
1403715952.984058 -0.26006 -0.63304 1.08315 -0.35344 0.63105 0.36768 0.58453
1403715953.034058 -0.27917 -0.68791 1.09001 -0.34119 0.65184 0.38274 0.55875
1403715953.134058 -0.32444 -0.81174 1.09024 -0.31259 0.69272 0.41225 0.50247
1403715953.184058 -0.34830 -0.87668 1.08532 -0.29896 0.71072 0.42405 0.47506
1403715953.284058 -0.39404 -1.00431 1.06904 -0.27575 0.73583 0.44116 0.43347
1403715953.334058 -0.41569 -1.06297 1.05812 -0.26776 0.74419 0.44693 0.41801
1403715953.434058 -0.44984 -1.16990 1.02899 -0.25516 0.75617 0.46168 0.38723
1403715953.484058 -0.46185 -1.21470 1.01359 -0.25181 0.75891 0.47013 0.37366
1403715953.584058 -0.47527 -1.28224 0.98585 -0.24730 0.75998 0.48886 0.34971
1403715953.634058 -0.47358 -1.30262 0.97533 -0.24654 0.75784 0.49964 0.33950
1403715953.734058 -0.45931 -1.31460 0.95936 -0.24634 0.75142 0.51995 0.32302
1403715953.834058 -0.42658 -1.28551 0.95284 -0.24631 0.73949 0.53792 0.32113
1403715953.884058 -0.40330 -1.25435 0.95342 -0.24629 0.72821 0.54757 0.33047
1403715953.984058 -0.35146 -1.16656 0.95647 -0.24881 0.69119 0.56668 0.37312
1403715954.034058 -0.32535 -1.11169 0.95675 -0.25200 0.66791 0.57341 0.40199
1403715954.134058 -0.28141 -0.98806 0.94942 -0.27404 0.62918 0.56922 0.45280
1403715954.184058 -0.26383 -0.92060 0.94313 -0.28950 0.61218 0.56137 0.47570
1403715954.284058 -0.24324 -0.78542 0.92958 -0.32457 0.58750 0.53759 0.51039
1403715954.334058 -0.23931 -0.71913 0.92161 -0.34396 0.58049 0.52320 0.52057
1403715954.434058 -0.24380 -0.59646 0.90570 -0.38635 0.57214 0.49142 0.53094
1403715954.484058 -0.25022 -0.54169 0.89775 -0.40467 0.56603 0.47668 0.53724
1403715954.584058 -0.27315 -0.45451 0.88684 -0.43099 0.54898 0.45375 0.55407
1403715954.684058 -0.30658 -0.40308 0.87962 -0.44840 0.53529 0.43877 0.56558
1403715954.834058 -0.37681 -0.40318 0.86605 -0.44354 0.54345 0.44511 0.55660
1403715954.884058 -0.40498 -0.42179 0.86241 -0.43531 0.55239 0.45270 0.54812
1403715954.984058 -0.46682 -0.48163 0.85362 -0.40945 0.58039 0.47461 0.51985
1403715955.034058 -0.50104 -0.51960 0.85040 -0.39594 0.59463 0.48500 0.50440
1403715955.134058 -0.57238 -0.60901 0.84453 -0.37045 0.62434 0.50231 0.46973
1403715955.184058 -0.60975 -0.65647 0.84086 -0.35900 0.64042 0.50903 0.44930
1403715955.284058 -0.68219 -0.75039 0.83443 -0.33516 0.66885 0.52124 0.41062
1403715955.334058 -0.71668 -0.79393 0.83250 -0.32367 0.67895 0.52667 0.39608
1403715955.434058 -0.78008 -0.86881 0.83186 -0.30598 0.69525 0.53463 0.37036
1403715955.534058 -0.83443 -0.92415 0.83372 -0.29675 0.70953 0.54063 0.34092
1403715955.584058 -0.85971 -0.93887 0.83517 -0.29379 0.71592 0.54272 0.32649
1403715955.684058 -0.89697 -0.94645 0.84358 -0.28996 0.71926 0.55260 0.30532
1403715955.734058 -0.91018 -0.93574 0.85073 -0.29145 0.71249 0.56019 0.30594
1403715955.834058 -0.92433 -0.88506 0.87727 -0.31932 0.68199 0.56662 0.33446
1403715955.884058 -0.92610 -0.84778 0.89345 -0.33988 0.66120 0.56710 0.35454
1403715955.984058 -0.92555 -0.76676 0.92528 -0.38421 0.61619 0.56558 0.39091
1403715956.034058 -0.92407 -0.72343 0.94217 -0.40419 0.58993 0.56638 0.40966
1403715956.134058 -0.92453 -0.64222 0.97140 -0.43499 0.54193 0.57260 0.43500
1403715956.184058 -0.92303 -0.60455 0.98215 -0.44758 0.52064 0.57735 0.44189
1403715956.284058 -0.92844 -0.54403 1.00395 -0.46742 0.48663 0.59071 0.44246
1403715956.384058 -0.93903 -0.50519 1.02724 -0.49453 0.45387 0.59849 0.43732
1403715956.434058 -0.94500 -0.49504 1.04048 0.51252 -0.43575 -0.59814 -0.43551
1403715956.534058 -0.95827 -0.49765 1.06804 0.54736 -0.40058 -0.59495 -0.43124
1403715956.584058 -0.96363 -0.50989 1.08149 0.56043 -0.38712 -0.59448 -0.42738
1403715956.684058 -0.96989 -0.56267 1.10737 0.57305 -0.37398 -0.59986 -0.41463
1403715956.734058 -0.97071 -0.60089 1.11937 0.57170 -0.37640 -0.60772 -0.40268
1403715956.834058 -0.96656 -0.70146 1.14189 0.55900 -0.38950 -0.62784 -0.37633
1403715956.884058 -0.96327 -0.75895 1.15373 0.54796 -0.39896 -0.63963 -0.36255
1403715956.984058 -0.95161 -0.89032 1.17280 0.51781 -0.41997 -0.66548 -0.33561
1403715957.034058 -0.94540 -0.95964 1.18040 -0.49983 0.43051 0.67858 0.32307
1403715957.134058 -0.93220 -1.10252 1.18422 -0.46682 0.45019 0.69944 0.30032
1403715957.234058 -0.92173 -1.24234 1.17468 -0.43588 0.46924 0.71661 0.27621
1403715957.284058 -0.91864 -1.30782 1.16474 -0.42056 0.47913 0.72420 0.26286
1403715957.384058 -0.91604 -1.42563 1.13701 -0.38767 0.49720 0.73920 0.23682
1403715957.434058 -0.91781 -1.47524 1.12092 -0.37301 0.50364 0.74543 0.22705
1403715957.534058 -0.92885 -1.54960 1.08566 -0.34744 0.51431 0.75538 0.21017
1403715957.584058 -0.93881 -1.57212 1.06655 -0.33669 0.51660 0.76014 0.20483
1403715957.684058 -0.96666 -1.58736 1.02766 -0.32409 0.51721 0.76638 0.20033
1403715957.834058 -1.04517 -1.52709 0.98218 -0.36117 0.49993 0.75293 0.22962
1403715957.884058 -1.07979 -1.48458 0.97185 -0.38840 0.48870 0.74144 0.24613
1403715957.984058 -1.15719 -1.38566 0.95594 -0.44339 0.45867 0.71786 0.27875
1403715958.084058 -1.24026 -1.28113 0.93841 -0.49582 0.42341 0.69400 0.30537
1403715958.134058 -1.28149 -1.22995 0.92557 0.51936 -0.40693 -0.68300 -0.31336
1403715958.234058 -1.36125 -1.13713 0.90114 0.56010 -0.37444 -0.66371 -0.32492
1403715958.284058 -1.39810 -1.09690 0.88576 0.57507 -0.35953 -0.65769 -0.32784
1403715958.384058 -1.46313 -1.03343 0.85687 0.60159 -0.33215 -0.64729 -0.32982
1403715958.434058 -1.48952 -1.01072 0.84207 0.61706 -0.31928 -0.63994 -0.32829
1403715958.534058 -1.52908 -0.99072 0.81516 0.64216 -0.29637 -0.62955 -0.32167
1403715958.584058 -1.53913 -0.99513 0.79995 0.64796 -0.28955 -0.63116 -0.31295
1403715958.734058 -1.53851 -1.06061 0.75492 0.64855 -0.28257 -0.65326 -0.26981
1403715958.834058 -1.51096 -1.13591 0.72450 0.63255 -0.28759 -0.68274 -0.22592
1403715958.934058 -1.46303 -1.22654 0.69407 0.60896 -0.29546 -0.71451 -0.17708
1403715958.984058 -1.43230 -1.27560 0.68066 0.59597 -0.29744 -0.72942 -0.15586
1403715959.084058 -1.36271 -1.36681 0.65172 0.56155 -0.29210 -0.76381 -0.12625
1403715959.134058 -1.32672 -1.41126 0.63929 0.54583 -0.28505 -0.77854 -0.12119
1403715959.234058 -1.25072 -1.48491 0.61393 0.51641 -0.25800 -0.80795 -0.11822
1403715959.284058 -1.21387 -1.51740 0.60072 0.50166 -0.24479 -0.82164 -0.11543
1403715959.384058 -1.14967 -1.57260 0.57120 -0.46318 0.22731 0.85019 0.10476
1403715959.434058 -1.12839 -1.59738 0.55638 -0.44543 0.22482 0.86073 0.10092
1403715959.534058 -1.09565 -1.62814 0.52978 -0.41678 0.21723 0.87798 0.09085
1403715959.584058 -1.09435 -1.63623 0.52207 -0.40809 0.21029 0.88387 0.08947
1403715959.684058 -1.12451 -1.63208 0.52422 -0.41121 0.19444 0.88617 0.08829
1403715959.784058 -1.19085 -1.61351 0.54696 -0.45561 0.17710 0.86783 0.08908
1403715959.834058 -1.23482 -1.59984 0.56256 -0.48557 0.16799 0.85317 0.08995
1403715959.934058 -1.33184 -1.56941 0.59380 0.55002 -0.14781 -0.81645 -0.09508
1403715959.984058 -1.38177 -1.55404 0.60814 0.58130 -0.13911 -0.79573 -0.09769
1403715960.084058 -1.47530 -1.52512 0.62942 0.63159 -0.12473 -0.75834 -0.10222
1403715960.134058 -1.51626 -1.51248 0.63833 0.64922 -0.11921 -0.74396 -0.10406
1403715960.234058 -1.58053 -1.49483 0.65497 0.67708 -0.10937 -0.71941 -0.10979
1403715960.284058 -1.60141 -1.48994 0.66366 0.68666 -0.10603 -0.71044 -0.11198
1403715960.384058 -1.61998 -1.49074 0.68176 0.70474 -0.10058 -0.69254 -0.11669
1403715960.434058 -1.61696 -1.49635 0.69233 0.71165 -0.09887 -0.68543 -0.11820
1403715960.634058 -1.51900 -1.55852 0.72544 0.67060 -0.10670 -0.72471 -0.11708
1403715960.684058 -1.47524 -1.58400 0.73411 0.64787 -0.11180 -0.74476 -0.11446
1403715960.784058 -1.37556 -1.64147 0.74917 0.59899 -0.11984 -0.78378 -0.11193
1403715960.834058 -1.32208 -1.67327 0.75549 0.56661 -0.12564 -0.80701 -0.10908
1403715960.934058 -1.21893 -1.73775 0.76990 0.50579 -0.13549 -0.84561 -0.10372
1403715960.984058 -1.17268 -1.76964 0.77868 -0.48202 0.13908 0.85901 0.10208
1403715961.084058 -1.09557 -1.83042 0.79579 -0.43986 0.14592 0.88065 0.09838
1403715961.134058 -1.06736 -1.85958 0.80514 -0.42061 0.15054 0.88958 0.09532
1403715961.234058 -1.04052 -1.91004 0.82729 -0.39246 0.16251 0.90121 0.08595
1403715961.384058 -1.08123 -1.96075 0.87719 -0.41500 0.17780 0.88961 0.06897
1403715961.484058 -1.15635 -1.97386 0.92201 -0.45973 0.17252 0.86898 0.06129
1403715961.534058 -1.20245 -1.97589 0.94641 -0.48455 0.16492 0.85709 0.05840
1403715961.634058 -1.30671 -1.97119 0.99773 0.53452 -0.13973 -0.83165 -0.05585
1403715961.684058 -1.36055 -1.96674 1.02346 0.55911 -0.12514 -0.81780 -0.05414
1403715961.784058 -1.46588 -1.95635 1.06993 0.60519 -0.09182 -0.78877 -0.05613
1403715961.834058 -1.51504 -1.95019 1.08828 0.62541 -0.07710 -0.77447 -0.05571
1403715961.934058 -1.60300 -1.94036 1.11229 0.65654 -0.05181 -0.75043 -0.05593
1403715961.984058 -1.63977 -1.93702 1.12005 0.67439 -0.04190 -0.73525 -0.05346
1403715962.084058 -1.69376 -1.93584 1.12962 0.71174 -0.02501 -0.70077 -0.04159
1403715962.134058 -1.70760 -1.93680 1.12942 0.72496 -0.01729 -0.68770 -0.03450
1403715962.234058 -1.70512 -1.94396 1.12046 0.73694 -0.00353 -0.67574 -0.01686
1403715962.334058 -1.66147 -1.95547 1.10141 0.72921 0.00562 -0.68422 0.00793
1403715962.384058 -1.62370 -1.96170 1.08826 0.72105 0.00763 -0.69252 0.02099
1403715962.484058 -1.52189 -1.97264 1.05956 0.69577 0.00827 -0.71630 0.05250
1403715962.534058 -1.46010 -1.97614 1.04117 0.67738 0.00777 -0.73231 0.06942
1403715962.634058 -1.31918 -1.97596 0.99756 0.63206 0.00761 -0.76817 0.10174
1403715962.684058 -1.24335 -1.97162 0.97272 0.61208 0.00807 -0.78230 0.11531
1403715962.784058 -1.08725 -1.94840 0.91545 0.57402 0.01551 -0.80744 0.13525
1403715962.834058 -1.00866 -1.93000 0.88361 0.55645 0.02377 -0.81898 0.13807
1403715962.934058 -0.85639 -1.88121 0.81283 0.52336 0.05012 -0.84041 0.13150
1403715962.984058 -0.78369 -1.85185 0.77269 0.50647 0.07103 -0.85111 0.11856
1403715963.084058 -0.65219 -1.79116 0.68048 -0.46761 -0.10897 0.87169 -0.09815
1403715963.184058 -0.54241 -1.73156 0.57483 -0.42860 -0.13971 0.88813 -0.08949
1403715963.234058 -0.50051 -1.70118 0.52014 -0.41199 -0.15368 0.89375 -0.08863
1403715963.334058 -0.43818 -1.65361 0.40077 -0.38730 -0.17848 0.89977 -0.09246
1403715963.384058 -0.42896 -1.63505 0.34449 -0.39297 -0.18883 0.89438 -0.10008
1403715963.534058 -0.44834 -1.60997 0.19051 -0.47999 -0.21893 0.83871 -0.13506
1403715963.634058 -0.48233 -1.60765 0.09725 0.53409 0.23378 -0.79639 0.16081
1403715963.684058 -0.50070 -1.60753 0.05548 0.55347 0.24115 -0.77872 0.17063
1403715963.784058 -0.53109 -1.60776 -0.01986 0.57369 0.25278 -0.75620 0.18749
1403715963.934058 -0.55758 -1.60441 -0.10627 0.57424 0.26492 -0.74754 0.20310
1403715964.034058 -0.56248 -1.59735 -0.14819 0.55972 0.27320 -0.75497 0.20518
1403715964.084058 -0.56088 -1.59313 -0.16380 0.54515 0.28164 -0.76424 0.19857
1403715964.184058 -0.55823 -1.58744 -0.17878 0.51774 0.30286 -0.78037 0.17678
1403715964.334058 -0.55668 -1.59958 -0.14485 0.51424 0.30046 -0.78164 0.18528
1403715964.384058 -0.55749 -1.60917 -0.12356 0.51909 0.29621 -0.77840 0.19211
1403715964.484058 -0.56100 -1.63114 -0.09046 0.52311 0.29261 -0.77551 0.19828
1403715964.634058 -0.56980 -1.67263 -0.04544 0.52629 0.29115 -0.77311 0.20139
1403715964.784058 -0.58075 -1.71846 0.01567 0.52992 0.27509 -0.77008 0.22467
1403715964.884058 -0.59208 -1.74612 0.07071 0.53697 0.26466 -0.76315 0.24335
1403715964.934058 -0.59876 -1.75764 0.09718 0.54296 0.26349 -0.75786 0.24782
1403715965.034058 -0.61183 -1.77542 0.14183 0.55813 0.26334 -0.74433 0.25517
1403715965.084058 -0.61710 -1.78141 0.15910 0.56776 0.26415 -0.73582 0.25775
1403715965.184058 -0.62251 -1.78465 0.18035 0.57461 0.27036 -0.72914 0.25513
1403715965.234058 -0.62294 -1.78258 0.18617 0.56283 0.27979 -0.73822 0.24490
1403715965.334058 -0.62069 -1.77104 0.19226 0.52134 0.30129 -0.76862 0.21602
1403715965.384058 -0.61954 -1.76512 0.19554 -0.49571 -0.30918 0.78584 -0.20281
1403715965.484058 -0.62322 -1.75787 0.20696 -0.45279 -0.31867 0.81300 -0.18019
1403715965.534058 -0.63064 -1.75938 0.21598 -0.43841 -0.32166 0.82160 -0.17117
1403715965.734058 -0.70831 -1.81678 0.27646 -0.47345 -0.31557 0.80308 -0.17697
1403715965.784058 -0.73784 -1.84256 0.29798 0.50118 0.30932 -0.78594 0.18826
1403715965.884058 -0.79617 -1.89655 0.33874 0.55592 0.29390 -0.74774 0.21324
1403715965.934058 -0.82368 -1.92243 0.35751 0.57795 0.28732 -0.73040 0.22348
1403715966.034058 -0.86951 -1.96811 0.38922 0.60897 0.27974 -0.70365 0.23617
1403715966.084058 -0.88664 -1.98616 0.40504 0.62416 0.27601 -0.68939 0.24287
1403715966.184058 -0.90165 -2.00948 0.43790 0.64787 0.26845 -0.66521 0.25632
1403715966.334058 -0.87679 -2.00650 0.48165 0.61994 0.27928 -0.69153 0.24387
1403715966.384058 -0.85668 -1.99596 0.49529 0.59918 0.28528 -0.71045 0.23422
1403715966.484058 -0.80826 -1.96906 0.52216 0.54946 0.29720 -0.75224 0.20952
1403715966.584058 -0.75478 -1.94101 0.54655 -0.49295 -0.30580 0.79364 -0.18333
1403715966.634058 -0.72967 -1.93067 0.55893 -0.47023 -0.30734 0.80915 -0.17236
1403715966.734058 -0.69117 -1.92061 0.58573 -0.43996 -0.30685 0.82910 -0.15769
1403715966.784058 -0.67824 -1.92184 0.59813 -0.42801 -0.30630 0.83661 -0.15189
1403715966.934058 -0.67491 -1.95875 0.64634 -0.44273 -0.30175 0.83087 -0.15031
1403715967.034058 -0.69701 -2.00946 0.68765 -0.49228 -0.29265 0.80330 -0.16348
1403715967.084058 -0.71080 -2.03836 0.70893 0.52070 0.28578 -0.78540 0.17422
1403715967.184058 -0.73853 -2.09831 0.75050 0.57384 0.27323 -0.74772 0.19225
1403715967.234058 -0.74886 -2.12653 0.77134 0.59929 0.26638 -0.72776 0.20063
1403715967.334058 -0.75661 -2.17657 0.81228 0.64445 0.25157 -0.68855 0.21748
1403715967.434058 -0.74031 -2.21088 0.84861 0.66320 0.24207 -0.67086 0.22697
1403715967.584058 -0.66434 -2.22761 0.89527 0.63950 0.24259 -0.68920 0.23915
1403715967.634058 -0.62678 -2.22317 0.90885 0.62055 0.24763 -0.70301 0.24368
1403715967.734058 -0.54048 -2.20502 0.93496 0.57373 0.26071 -0.73298 0.25613
1403715967.784058 -0.49467 -2.19092 0.94714 0.54702 0.26880 -0.74834 0.26172
1403715967.884058 -0.40352 -2.15301 0.96828 -0.49497 -0.28584 0.77420 -0.27188
1403715967.934058 -0.36272 -2.13075 0.97612 -0.47402 -0.29549 0.78296 -0.27380
1403715968.034058 -0.29236 -2.08381 0.98332 -0.44046 -0.32414 0.79604 -0.25931
1403715968.084058 -0.26488 -2.05945 0.98296 -0.42716 -0.34048 0.80039 -0.24696
1403715968.184058 -0.22494 -2.02121 0.97807 -0.41097 -0.36533 0.80376 -0.22716
1403715968.284058 -0.20495 -1.99751 0.97053 -0.42944 -0.37216 0.79033 -0.22902
1403715968.334058 -0.20129 -1.99005 0.96348 -0.44732 -0.37001 0.77920 -0.23632
1403715968.434058 -0.19884 -1.98231 0.94296 -0.48591 -0.36147 0.75432 -0.25343
1403715968.484058 -0.20047 -1.98005 0.92686 0.50479 0.35621 -0.74147 0.26177
1403715968.584058 -0.20442 -1.97467 0.88781 0.53954 0.34458 -0.71620 0.27787
1403715968.634058 -0.20619 -1.97072 0.86452 0.55560 0.33934 -0.70372 0.28450
1403715968.734058 -0.20309 -1.95326 0.81670 0.58348 0.33083 -0.68079 0.29431
1403715968.784058 -0.19731 -1.93783 0.79273 0.59416 0.32721 -0.67122 0.29895
1403715968.884058 -0.17467 -1.89256 0.74587 0.60936 0.32217 -0.65719 0.30494
1403715969.034058 -0.11034 -1.78594 0.67196 0.59228 0.32976 -0.67162 0.29898
1403715969.134058 -0.05041 -1.69164 0.61805 0.54239 0.35003 -0.71293 0.27391
1403715969.184058 -0.01705 -1.64010 0.59129 0.50825 0.36200 -0.73810 0.25661
1403715969.284058 0.04607 -1.54015 0.54150 -0.44822 -0.37944 0.77768 -0.22436
1403715969.334058 0.07465 -1.49498 0.52043 -0.42574 -0.38470 0.79113 -0.21182
1403715969.434058 0.11737 -1.42116 0.48028 -0.38999 -0.39354 0.81081 -0.18872
1403715969.484058 0.13128 -1.39436 0.46247 -0.37923 -0.39852 0.81602 -0.17744
1403715969.584058 0.14102 -1.36633 0.43096 -0.38075 -0.41491 0.81192 -0.15382
1403715969.634058 0.13765 -1.36325 0.41695 -0.39272 -0.42467 0.80266 -0.14545
1403715969.734058 0.11932 -1.39385 0.39927 -0.42637 -0.43854 0.77940 -0.13577
1403715969.784058 0.10709 -1.42352 0.39356 -0.44678 -0.44047 0.76630 -0.13843
1403715969.884058 0.08387 -1.50795 0.38762 -0.48878 -0.42881 0.74168 -0.16474
1403715969.984058 0.06724 -1.61144 0.38558 0.52493 0.39889 -0.72057 0.21473
1403715970.034058 0.06169 -1.66602 0.38531 0.54021 0.38590 -0.70958 0.23610
1403715970.134058 0.05904 -1.77202 0.38465 0.56717 0.36563 -0.68710 0.26930
1403715970.184058 0.06124 -1.82045 0.38410 0.58020 0.35701 -0.67519 0.28291
1403715970.284058 0.07786 -1.90620 0.38543 0.60573 0.33835 -0.64960 0.31087
1403715970.334058 0.09191 -1.94021 0.38613 0.61486 0.33032 -0.63945 0.32240
1403715970.434058 0.13432 -1.98880 0.38936 0.62361 0.32052 -0.62810 0.33746
1403715970.584058 0.23353 -2.00294 0.39320 0.58590 0.32134 -0.65702 0.34898
1403715970.634058 0.27152 -1.99506 0.39326 0.56257 0.32709 -0.67654 0.34471
1403715970.734058 0.35181 -1.95928 0.39450 0.50865 0.34036 -0.71982 0.32756
1403715970.834058 0.42595 -1.90873 0.39538 -0.44389 -0.35169 0.76633 -0.30334
1403715970.884058 0.45798 -1.88356 0.39774 -0.41362 -0.35522 0.78633 -0.29056
1403715970.984058 0.50255 -1.83583 0.40962 -0.36502 -0.36332 0.81453 -0.26702
1403715971.034058 0.51229 -1.81728 0.41849 -0.34940 -0.37108 0.82210 -0.25373
1403715971.134058 0.50299 -1.79764 0.44449 -0.33702 -0.39604 0.82362 -0.22634
1403715971.284058 0.42219 -1.83556 0.50482 -0.38033 -0.43394 0.78993 -0.20751
1403715971.334058 0.38277 -1.86247 0.52914 -0.40524 -0.44814 0.76858 -0.21034
1403715971.434058 0.30227 -1.93605 0.58116 -0.45529 -0.47125 0.72056 -0.22675
1403715971.484058 0.26293 -1.97956 0.60620 -0.47798 -0.48051 0.69555 -0.23843
1403715971.684058 0.14309 -2.17165 0.70063 0.52947 0.50560 -0.61226 0.29860
1403715971.734058 0.12435 -2.21941 0.72214 0.53166 0.50769 -0.59837 0.31866
1403715971.834058 0.10095 -2.30879 0.76100 0.52482 0.50929 -0.57932 0.35997
1403715971.884058 0.09533 -2.34910 0.77861 0.51592 0.51052 -0.57404 0.37904
1403715971.984058 0.09404 -2.41791 0.81028 -0.49680 -0.51759 0.56555 -0.40674
1403715972.034058 0.09787 -2.44640 0.82560 -0.48855 -0.52277 0.56126 -0.41597
1403715972.134058 0.10946 -2.48908 0.85585 -0.48215 -0.52707 0.54733 -0.43607
1403715972.184058 0.11751 -2.50268 0.87224 -0.48484 -0.52545 0.53754 -0.44708
1403715972.284058 0.13424 -2.51113 0.90638 0.49408 0.51821 -0.51810 0.46789
1403715972.334058 0.14427 -2.50349 0.92324 0.49837 0.51508 -0.51040 0.47520
1403715972.434058 0.16552 -2.46795 0.95412 0.49886 0.51305 -0.50536 0.48222
1403715972.534058 0.18986 -2.40435 0.98071 0.48876 0.52166 -0.51410 0.47401
1403715972.584058 0.20358 -2.36357 0.99139 0.47483 0.53063 -0.52689 0.46406
1403715972.684058 0.23116 -2.26527 1.00843 -0.44226 -0.54886 0.55594 -0.44056
1403715972.734058 0.24577 -2.21157 1.01351 -0.42393 -0.55733 0.57155 -0.42778
1403715972.834058 0.27335 -2.09996 1.01647 -0.39305 -0.56988 0.59765 -0.40444
1403715972.884058 0.28574 -2.04515 1.01615 -0.38597 -0.57155 0.60443 -0.39877
1403715973.034058 0.31562 -1.88726 1.00832 -0.39058 -0.55523 0.60768 -0.41218
1403715973.134058 0.32727 -1.78621 0.99984 -0.39602 -0.54424 0.60779 -0.42138
1403715973.384058 0.32362 -1.53097 0.98063 -0.39431 -0.54356 0.61487 -0.41351
1403715973.434058 0.31677 -1.47872 0.97719 -0.39001 -0.54761 0.61864 -0.40657
1403715973.534058 0.30019 -1.37925 0.97048 -0.37953 -0.55482 0.62710 -0.39354
1403715973.584058 0.28920 -1.33209 0.96889 -0.37293 -0.55694 0.63174 -0.38941
1403715973.684058 0.26317 -1.24599 0.96590 -0.35754 -0.55902 0.64155 -0.38480
1403715973.834058 0.20704 -1.14416 0.96281 -0.34049 -0.56062 0.65111 -0.38187
1403715973.984058 0.12673 -1.07718 0.96360 -0.34003 -0.56639 0.64913 -0.37711
1403715974.134058 0.02637 -1.04632 0.97152 -0.36515 -0.56998 0.63056 -0.37972
1403715974.234058 -0.04684 -1.03689 0.97571 -0.37837 -0.56853 0.62020 -0.38597
1403715974.384058 -0.15937 -1.03793 0.97093 -0.38405 -0.57224 0.61368 -0.38529
1403715974.534058 -0.27566 -1.05262 0.95273 -0.38620 -0.57409 0.61027 -0.38579
1403715974.834058 -0.51004 -1.11836 0.90763 -0.39713 -0.56981 0.60024 -0.39663
1403715974.984058 -0.62618 -1.16020 0.88023 -0.39853 -0.57063 0.59684 -0.39918
1403715975.134058 -0.74039 -1.20426 0.85471 -0.40192 -0.57518 0.59049 -0.39870
1403715975.284058 -0.85039 -1.25207 0.83365 -0.40457 -0.58075 0.58437 -0.39694
1403715975.434058 -0.95274 -1.30372 0.82413 0.41247 0.58195 -0.57437 0.40163
1403715975.534058 -1.01379 -1.33581 0.82436 0.41763 0.58297 -0.56829 0.40346
1403715975.734058 -1.12047 -1.39223 0.83540 0.40935 0.58642 -0.57153 0.40237
1403715975.934058 -1.20645 -1.45003 0.85715 0.40519 0.58816 -0.57447 0.39983
1403715976.084058 -1.25957 -1.49676 0.87417 0.40364 0.58967 -0.57646 0.39630
1403715976.234058 -1.30203 -1.54585 0.89222 0.40872 0.58761 -0.57561 0.39540
1403715976.384058 -1.33491 -1.59869 0.90820 0.41555 0.58660 -0.57336 0.39303
1403715976.584058 -1.35497 -1.67198 0.92559 0.41755 0.59928 -0.55928 0.39206
1403715976.684058 -1.35211 -1.71001 0.93013 0.40918 0.60717 -0.55120 0.40011
1403715976.784058 -1.34129 -1.74728 0.93223 0.39862 0.61346 -0.54554 0.40885
1403715976.934058 -1.31545 -1.80466 0.93332 0.38963 0.62108 -0.53730 0.41684
1403715977.084058 -1.27897 -1.85990 0.93355 0.38190 0.63004 -0.52628 0.42454
1403715977.134058 -1.26507 -1.87863 0.93230 0.37832 0.63471 -0.52096 0.42734
1403715977.234058 -1.22971 -1.91446 0.93002 0.36942 0.64598 -0.50679 0.43520
1403715977.284058 -1.21051 -1.93178 0.92726 0.36365 0.65301 -0.49833 0.43932
1403715977.384058 -1.16593 -1.96566 0.92414 0.35105 0.66826 -0.47685 0.45033
1403715977.434058 -1.14144 -1.98173 0.92158 0.34214 0.67604 -0.46602 0.45687
1403715977.534058 -1.08843 -2.01251 0.91660 0.32531 0.69364 -0.44001 0.46843
1403715977.634058 -1.03012 -2.04133 0.91225 0.30602 0.70981 -0.41160 0.48282
1403715977.684058 -0.99895 -2.05540 0.90985 0.29518 0.71788 -0.39727 0.48959
1403715977.784058 -0.93527 -2.07952 0.90436 0.27284 0.73429 -0.36659 0.50198
1403715977.834058 -0.90202 -2.09070 0.90233 0.26228 0.74174 -0.34996 0.50848
1403715977.934058 -0.83400 -2.10945 0.89810 0.24618 0.75562 -0.31156 0.52092
1403715977.984058 -0.79952 -2.11562 0.89619 0.23963 0.76232 -0.29006 0.52660
1403715978.084058 -0.72646 -2.12361 0.89249 0.22429 0.77406 -0.24578 0.53863
1403715978.134058 -0.68924 -2.12381 0.89044 0.21715 0.77975 -0.22254 0.54343
1403715978.234058 -0.61244 -2.11640 0.88459 0.20255 0.78987 -0.17790 0.55085
1403715978.284058 -0.57265 -2.10810 0.88142 0.19413 0.79334 -0.15674 0.55529
1403715978.384058 -0.49345 -2.07985 0.87548 0.16769 0.79740 -0.12309 0.56646
1403715978.484058 -0.41202 -2.03851 0.86711 0.13269 0.80164 -0.09743 0.57469
1403715978.534058 -0.37179 -2.01324 0.86195 0.11171 0.80276 -0.08594 0.57940
1403715978.634058 -0.29341 -1.95553 0.85170 0.07179 0.80253 -0.06024 0.58921
1403715978.684058 -0.25632 -1.92446 0.84576 0.05317 0.80345 -0.04589 0.59121
1403715978.784058 -0.18715 -1.85877 0.83415 0.02388 0.80543 -0.01107 0.59211
1403715978.834058 -0.15600 -1.82445 0.82873 0.01057 0.80737 0.00773 0.58991
1403715978.934058 -0.09586 -1.75370 0.81980 -0.01403 0.81008 0.04817 0.58417
1403715978.984058 -0.06742 -1.71703 0.81678 -0.02567 0.81059 0.06960 0.58090
1403715979.084058 -0.01408 -1.64011 0.81307 -0.05221 0.80534 0.11156 0.57988
1403715979.134058 0.01045 -1.60000 0.81310 -0.06954 0.80038 0.13024 0.58103
1403715979.234058 0.05357 -1.51761 0.82002 -0.10540 0.78272 0.16794 0.58995
1403715979.334058 0.08884 -1.43484 0.83186 -0.13521 0.76045 0.20978 0.59952
1403715979.384058 0.10240 -1.39351 0.83746 -0.14609 0.75090 0.23249 0.60062
1403715979.484058 0.11856 -1.31222 0.84683 -0.16260 0.73691 0.27692 0.59485
1403715979.534058 0.12056 -1.27174 0.85118 -0.17171 0.73041 0.29658 0.59081
1403715979.634058 0.11436 -1.19034 0.86090 -0.19300 0.71924 0.33163 0.57920
1403715979.684058 0.10667 -1.14812 0.86533 -0.20506 0.71312 0.34832 0.57279
1403715979.784058 0.07912 -1.06439 0.87699 -0.23083 0.69539 0.38142 0.56362
1403715979.834058 0.06078 -1.02168 0.88211 -0.24471 0.68528 0.39684 0.55948
1403715979.934058 0.01070 -0.94091 0.89456 -0.27484 0.66248 0.42655 0.55104
1403715979.984058 -0.01971 -0.90131 0.90158 -0.29024 0.64966 0.44113 0.54691
1403715980.084058 -0.09019 -0.82790 0.91519 -0.31995 0.62351 0.46985 0.53675
1403715980.184058 -0.17557 -0.76422 0.92723 -0.34725 0.59861 0.49877 0.52184
1403715980.234058 -0.22207 -0.73458 0.93190 -0.36189 0.58777 0.51206 0.51122
1403715980.334058 -0.32512 -0.68540 0.93998 -0.38830 0.56744 0.53949 0.48598
1403715980.384058 -0.38005 -0.66394 0.94306 -0.40163 0.55607 0.55270 0.47329
1403715980.484058 -0.49615 -0.63093 0.95008 -0.43137 0.52929 0.57618 0.44921
1403715980.534058 -0.55623 -0.61831 0.95243 -0.44839 0.51569 0.58610 0.43532
1403715980.634058 -0.67870 -0.60511 0.95716 -0.47664 0.48781 0.60852 0.40565
1403715980.684058 -0.73938 -0.60184 0.95862 -0.48857 0.47289 0.62045 0.39080
1403715980.784058 -0.85962 -0.60772 0.96036 0.51038 -0.44331 -0.64389 -0.35833
1403715980.834058 -0.91890 -0.61486 0.96058 0.51915 -0.42810 -0.65616 -0.34157
1403715980.934058 -1.03226 -0.64065 0.96148 0.53801 -0.39510 -0.67807 -0.30768
1403715981.034058 -1.14093 -0.67568 0.96263 0.55852 -0.35823 -0.69609 -0.27420
1403715981.084058 -1.19060 -0.69840 0.96314 0.56894 -0.33836 -0.70392 -0.25751
1403715981.184058 -1.28277 -0.74806 0.96451 0.58594 -0.29580 -0.71990 -0.22563
1403715981.234058 -1.32426 -0.77646 0.96519 0.59358 -0.27398 -0.72755 -0.20801
1403715981.334058 -1.39727 -0.83822 0.96839 0.60749 -0.22898 -0.74115 -0.17092
1403715981.384058 -1.43013 -0.86900 0.96918 0.61376 -0.20633 -0.74698 -0.15083
1403715981.484058 -1.48144 -0.93665 0.97345 0.62690 -0.15940 -0.75469 -0.10969
1403715981.534058 -1.50028 -0.97235 0.97675 0.63455 -0.13489 -0.75568 -0.08994
1403715981.634058 -1.52333 -1.04625 0.98547 0.64714 -0.08442 -0.75585 -0.05265
1403715981.684058 -1.52816 -1.08459 0.98979 0.65042 -0.05893 -0.75645 -0.03550
1403715981.784058 -1.52179 -1.16189 0.99520 0.64473 -0.00815 -0.76436 -0.00298
1403715981.884058 -1.49555 -1.23997 0.99731 0.62413 0.04012 -0.77976 0.02867
1403715981.934058 -1.47939 -1.28093 0.99852 0.61517 0.06263 -0.78467 0.04407
1403715982.034058 -1.43561 -1.35903 1.00204 0.60371 0.10631 -0.78678 0.07221
1403715982.084058 -1.41095 -1.39887 1.00433 0.60005 0.12651 -0.78520 0.08599
1403715982.184058 -1.35349 -1.47504 1.00882 0.59349 0.16564 -0.77954 0.11249
1403715982.234058 -1.32328 -1.51322 1.01098 0.59041 0.18407 -0.77572 0.12572
1403715982.334058 -1.25494 -1.58707 1.01576 0.58237 0.21961 -0.76768 0.15261
1403715982.384058 -1.21860 -1.62329 1.01764 0.57793 0.23653 -0.76314 0.16635
1403715982.484058 -1.13843 -1.69282 1.02205 0.56871 0.27262 -0.75178 0.19252
1403715982.534058 -1.09504 -1.72567 1.02421 0.56495 0.29138 -0.74430 0.20482
1403715982.634058 -1.00254 -1.78894 1.02695 0.55499 0.32835 -0.72809 0.23249
1403715982.734058 -0.90259 -1.84891 1.02898 0.54145 0.36523 -0.71072 0.26139
1403715982.784058 -0.84970 -1.87714 1.03000 0.53414 0.38417 -0.70082 0.27559
1403715982.884058 -0.73978 -1.92871 1.03207 0.51765 0.42118 -0.68021 0.30325
1403715982.934058 -0.68281 -1.95141 1.03326 0.50947 0.43989 -0.66913 0.31495
1403715983.034058 -0.56511 -1.99380 1.03495 -0.49201 -0.47232 0.64642 -0.34202
1403715983.084058 -0.50507 -2.01265 1.03547 -0.48295 -0.48853 0.63440 -0.35443
1403715983.184058 -0.38239 -2.04550 1.03610 -0.46309 -0.51937 0.60896 -0.38075
1403715983.234058 -0.32065 -2.05868 1.03615 -0.45212 -0.53411 0.59544 -0.39467
1403715983.334058 -0.19671 -2.08099 1.03542 0.43113 0.56510 -0.56457 0.41958
1403715983.384058 -0.13408 -2.08968 1.03443 0.41867 0.58083 -0.54892 0.43132
1403715983.484058 -0.00882 -2.09983 1.03412 0.39467 0.60682 -0.51314 0.46119
1403715983.584058 0.11469 -2.10079 1.03603 0.37043 0.62538 -0.47462 0.49641
1403715983.634058 0.17462 -2.09698 1.03815 0.35750 0.63319 -0.45530 0.51378
1403715983.734058 0.28816 -2.07877 1.04086 0.33022 0.64798 -0.41845 0.54404
1403715983.784058 0.34137 -2.06452 1.04262 0.31586 0.65591 -0.40132 0.55583
1403715983.884058 0.43803 -2.02479 1.04580 0.28752 0.67139 -0.36717 0.57598
1403715983.934058 0.48188 -2.00026 1.04817 0.27380 0.67940 -0.35063 0.58354
1403715984.034058 0.55557 -1.94116 1.05279 0.24400 0.69514 -0.32008 0.59564
1403715984.084058 0.58619 -1.90727 1.05526 0.22809 0.70359 -0.30620 0.59932
1403715984.184058 0.63592 -1.83375 1.06015 0.19692 0.72069 -0.27918 0.60323
1403715984.234058 0.65442 -1.79434 1.06361 0.18179 0.72835 -0.26556 0.60493
1403715984.334058 0.68048 -1.71263 1.07207 0.15476 0.73964 -0.23705 0.61056
1403715984.434058 0.69116 -1.62767 1.08220 0.13225 0.74871 -0.20550 0.61621
1403715984.484058 0.68950 -1.58386 1.08757 0.12168 0.75395 -0.18905 0.61727
1403715984.584058 0.67664 -1.49632 1.09586 0.09949 0.76969 -0.15573 0.61108
1403715984.634058 0.66443 -1.45192 1.09973 0.08958 0.77902 -0.13725 0.60520
1403715984.734058 0.63585 -1.36250 1.10595 0.06257 0.79409 -0.10065 0.59613
1403715984.784058 0.61912 -1.31696 1.10771 0.04452 0.79806 -0.08358 0.59509
1403715984.884058 0.58316 -1.22887 1.11276 0.00792 0.80091 -0.05023 0.59663
1403715984.934058 0.56198 -1.18790 1.11512 -0.00798 0.80111 -0.03261 0.59757
1403715985.034058 0.51730 -1.11025 1.11983 -0.03024 0.79947 0.00391 0.59994
1403715985.084058 0.49230 -1.07306 1.12209 -0.03709 0.79855 0.02017 0.60044
1403715985.184058 0.43827 -1.00360 1.12715 -0.04552 0.79788 0.04433 0.59946
1403715985.284058 0.37813 -0.93830 1.13351 -0.03945 0.79675 0.06431 0.59958
1403715985.334058 0.34544 -0.90370 1.13773 -0.03357 0.79630 0.07152 0.59972
1403715985.434058 0.27622 -0.83684 1.14507 -0.02823 0.79674 0.07198 0.59936
1403715985.584058 0.16166 -0.73306 1.15079 -0.02566 0.81095 0.04561 0.58277
1403715985.634058 0.12153 -0.69450 1.15239 -0.02262 0.81917 0.03477 0.57205
1403715985.734058 0.04326 -0.62361 1.15101 -0.01878 0.83615 0.01483 0.54798
1403715985.784058 0.00664 -0.58752 1.14817 -0.02111 0.84300 0.00281 0.53749
1403715985.884058 -0.05924 -0.51881 1.13561 -0.02484 0.84917 -0.01825 0.52722
1403715986.034058 -0.14134 -0.42055 1.09592 -0.02546 0.84278 -0.03856 0.53628
1403715986.184058 -0.20720 -0.33261 1.03080 -0.02639 0.83333 -0.05003 0.54988
1403715986.434058 -0.28534 -0.23163 0.91474 -0.00390 0.81884 -0.03784 0.57277
1403715986.584058 -0.33458 -0.18039 0.83775 0.00423 0.82886 -0.02957 0.55867
1403715986.634058 -0.35264 -0.16426 0.81024 0.00505 0.83651 -0.02776 0.54722
1403715986.734058 -0.38114 -0.13178 0.75418 0.00484 0.84861 -0.02598 0.52835
1403715986.784058 -0.39294 -0.11578 0.72892 0.00512 0.85069 -0.02464 0.52507
1403715986.984058 -0.39581 -0.06441 0.64071 0.00612 0.83814 -0.02614 0.54479
1403715987.034058 -0.39799 -0.05035 0.62168 0.00384 0.83038 -0.03299 0.55621
1403715987.134058 -0.39103 -0.02932 0.58419 -0.00000 0.81662 -0.05115 0.57491
1403715987.284058 -0.38238 -0.00903 0.52875 -0.00129 0.80073 -0.08083 0.59355
1403715987.434058 -0.38550 -0.00379 0.47462 0.01861 0.79950 -0.08760 0.59395
1403715987.584058 -0.39812 -0.00774 0.42424 0.03786 0.80753 -0.08241 0.58281
1403715987.734058 -0.41697 -0.01500 0.37841 0.04463 0.81240 -0.07753 0.57620
1403715987.834058 -0.42947 -0.01998 0.34728 0.04629 0.81987 -0.07397 0.56586
1403715987.884058 -0.43548 -0.02233 0.33099 0.04635 0.82474 -0.07241 0.55894
1403715987.984058 -0.44423 -0.02590 0.30076 0.04478 0.83243 -0.06966 0.54790
1403715988.184058 -0.44604 -0.03266 0.25556 0.04292 0.82517 -0.06299 0.55972
1403715988.284058 -0.44114 -0.03639 0.23690 0.04413 0.81765 -0.05920 0.57096
1403715988.434058 -0.43018 -0.03529 0.21499 0.04147 0.80954 -0.05874 0.58264
1403715988.584058 -0.42511 -0.03310 0.19441 0.02867 0.80676 -0.06808 0.58625
1403715988.684058 -0.42683 -0.03290 0.18259 0.01738 0.80773 -0.07692 0.58426
1403715988.834058 -0.43544 -0.04014 0.16880 0.01487 0.81542 -0.08050 0.57305
1403715988.884058 -0.43911 -0.04524 0.16676 0.01849 0.81837 -0.07864 0.56898
1403715988.984058 -0.44642 -0.05808 0.16298 0.02562 0.82156 -0.07538 0.56454
1403715989.134058 -0.45641 -0.08173 0.16044 0.03379 0.82265 -0.07217 0.56294
1403715989.284058 -0.46035 -0.10874 0.15987 0.03634 0.82277 -0.07267 0.56253
1403715989.434058 -0.45971 -0.13809 0.15894 0.03838 0.82235 -0.07257 0.56303
1403715989.684058 -0.44975 -0.18840 0.15908 0.04176 0.81640 -0.07111 0.57157
1403715989.834058 -0.44029 -0.21854 0.15329 0.04507 0.81075 -0.06755 0.57973
1403715990.034058 -0.43367 -0.25255 0.13628 0.04993 0.81028 -0.06101 0.58071
1403715990.284058 -0.43332 -0.27818 0.10531 0.05001 0.81352 -0.05722 0.57654
1403715990.434058 -0.43474 -0.27956 0.08025 0.05156 0.81511 -0.05460 0.57441
1403715990.534058 -0.43518 -0.27777 0.05503 0.05233 0.81650 -0.05335 0.57249
1403715990.584058 -0.43509 -0.27444 0.04083 0.05255 0.81755 -0.05285 0.57101
1403715990.684058 -0.43547 -0.26963 0.00709 0.05273 0.82078 -0.05190 0.56643
1403715990.734058 -0.43503 -0.26518 -0.01046 0.05210 0.82239 -0.05186 0.56416
1403715990.834058 -0.43256 -0.25273 -0.04312 0.05187 0.82493 -0.05144 0.56050
1403715990.884058 -0.43041 -0.24467 -0.05875 0.05241 0.82611 -0.05085 0.55876
1403715990.984058 -0.42123 -0.22540 -0.08561 0.05315 0.82692 -0.04967 0.55760
1403715991.034058 -0.41477 -0.21394 -0.09721 0.05331 0.82554 -0.04907 0.55967
1403715991.134058 -0.40141 -0.19001 -0.11131 0.04798 0.81815 -0.05288 0.57055
1403715991.234058 -0.39883 -0.18092 -0.10731 0.05661 0.81902 -0.04510 0.56918
