1403638523.777829 0.01638 -0.03886 0.16926 -0.03542 0.83111 0.02687 0.55433
1403638523.927830 0.00411 -0.02752 0.10837 -0.02731 0.83137 0.03237 0.55410
1403638523.977829 -0.00401 -0.03501 0.09249 -0.02293 0.83159 0.03601 0.55375
1403638524.077830 -0.00956 -0.03568 0.08141 -0.01601 0.83457 0.04457 0.54886
1403638524.227829 -0.01117 -0.03411 0.11298 -0.01951 0.84016 0.05044 0.53964
1403638524.277829 -0.01127 -0.03228 0.13557 -0.02270 0.84000 0.05043 0.53976
1403638524.377830 -0.00822 -0.03156 0.18984 -0.03202 0.83727 0.04874 0.54366
1403638524.427830 -0.00628 -0.03026 0.21955 -0.03614 0.83444 0.04751 0.54786
1403638524.477829 -0.00520 -0.02927 0.25034 -0.03893 0.83072 0.04682 0.55336
1403638524.577830 0.00157 -0.02685 0.31023 -0.04188 0.82195 0.04537 0.56621
1403638524.627830 0.00511 -0.02498 0.33823 -0.04134 0.81834 0.04282 0.57165
1403638524.677830 0.00869 -0.01961 0.36244 -0.03765 0.81550 0.03979 0.57616
1403638524.727829 0.00309 -0.02065 0.38702 -0.03200 0.81336 0.03752 0.57967
1403638524.777829 0.01463 -0.01822 0.40349 -0.02522 0.81160 0.03489 0.58263
1403638525.027829 0.02280 -0.01011 0.43698 -0.02862 0.80728 0.03626 0.58835
1403638525.377830 0.02179 -0.00782 0.29319 -0.02595 0.81628 0.05234 0.57470
1403638525.427830 0.02136 -0.00787 0.26636 -0.02920 0.82237 0.05353 0.56568
1403638525.477829 0.02169 -0.00695 0.23984 -0.03459 0.82856 0.05426 0.55619
1403638525.577830 0.01930 -0.00594 0.19095 -0.04079 0.83765 0.05371 0.54203
1403638525.627830 0.01994 -0.00555 0.16861 -0.04192 0.83970 0.05247 0.53888
1403638525.777829 0.01858 -0.00968 0.11684 -0.03944 0.83898 0.04520 0.54084
1403638525.877830 0.01877 -0.01069 0.09490 -0.03239 0.83538 0.04084 0.54719
1403638525.977829 0.01669 -0.01882 0.08511 -0.02399 0.83402 0.03970 0.54978
1403638526.077830 0.01464 -0.03806 0.08465 -0.01950 0.83566 0.03753 0.54762
1403638526.177830 0.01243 -0.06735 0.09185 -0.01764 0.83805 0.02843 0.54457
1403638526.227829 0.01139 -0.08463 0.09782 -0.01626 0.83810 0.02384 0.54476
1403638526.277829 0.00980 -0.10330 0.10459 -0.01417 0.83708 0.01944 0.54656
1403638526.377830 0.00376 -0.14397 0.11887 -0.01181 0.83294 0.01081 0.55312
1403638526.427830 0.00017 -0.16603 0.12544 -0.01063 0.83034 0.00566 0.55713
1403638526.477829 -0.00324 -0.18923 0.13064 -0.01043 0.82781 -0.00029 0.56091
1403638526.577830 -0.01262 -0.24083 0.13910 -0.00907 0.82246 -0.01133 0.56864
1403638526.627830 -0.01702 -0.26930 0.14208 -0.00717 0.81963 -0.01579 0.57263
1403638526.677830 -0.02309 -0.29986 0.14519 -0.00496 0.81727 -0.01962 0.57590
1403638526.777829 -0.03764 -0.36347 0.15033 0.00332 0.81414 -0.02504 0.58013
1403638526.877830 -0.05332 -0.43019 0.15323 0.01133 0.81339 -0.02823 0.58092
1403638526.977829 -0.06895 -0.49184 0.15530 0.01562 0.81650 -0.03455 0.57611
1403638527.027829 -0.07535 -0.52132 0.15640 0.01897 0.81882 -0.04042 0.57231
1403638527.077830 -0.08126 -0.54981 0.15784 0.02330 0.82095 -0.04764 0.56853
1403638527.127830 -0.08663 -0.57659 0.16000 0.02707 0.82236 -0.05538 0.56561
1403638527.177830 -0.09128 -0.60168 0.16285 0.03118 0.82264 -0.06284 0.56422
1403638527.227829 -0.09470 -0.62373 0.16586 0.03589 0.82166 -0.07015 0.56450
1403638527.277829 -0.09617 -0.64079 0.16883 0.04281 0.81965 -0.07662 0.56610
1403638527.377830 -0.09663 -0.66198 0.17464 0.05832 0.81451 -0.08532 0.57087
1403638527.477829 -0.08932 -0.66059 0.17669 0.06843 0.81096 -0.08954 0.57414
1403638527.777829 -0.05238 -0.55713 0.17548 0.06440 0.81224 -0.08005 0.57420
1403638527.877830 -0.03030 -0.50175 0.17497 0.05056 0.81541 -0.07537 0.57173
1403638527.977829 -0.00863 -0.44290 0.17718 0.03967 0.81645 -0.07002 0.57178
1403638528.077830 0.00939 -0.38342 0.17889 0.03310 0.81513 -0.06272 0.57491
1403638528.177830 0.02473 -0.32711 0.17872 0.02283 0.81560 -0.05340 0.57570
1403638528.277829 0.04683 -0.27845 0.17445 0.01009 0.81707 -0.04259 0.57487
1403638528.377830 0.07811 -0.24165 0.16854 0.00289 0.81676 -0.03435 0.57595
1403638528.427830 0.09904 -0.21546 0.16584 0.00148 0.81617 -0.03085 0.57699
1403638528.627830 0.16832 -0.18902 0.15927 0.00275 0.81907 -0.03816 0.57241
1403638528.777829 0.21826 -0.17043 0.15298 0.00530 0.81889 -0.04525 0.57215
1403638529.177830 0.18023 -0.13372 0.19999 0.01295 0.81947 -0.05378 0.57044
1403638529.377830 0.10915 -0.09347 0.18961 0.02833 0.82666 -0.04303 0.56034
1403638529.477829 0.07736 -0.08191 0.16484 0.02687 0.83670 -0.04036 0.54552
1403638529.527829 0.05977 -0.07529 0.15365 0.02478 0.84228 -0.03930 0.53703
1403638529.577830 0.04845 -0.07545 0.13689 0.02414 0.84682 -0.03709 0.53004
1403638529.677830 0.03161 -0.06423 0.11072 0.02544 0.85066 -0.03409 0.52400
1403638529.777829 0.02450 -0.06390 0.07608 0.02469 0.84708 -0.03337 0.52985
1403638529.827830 0.01575 -0.05756 0.07320 0.02283 0.84373 -0.03379 0.53521
1403638529.977829 0.01353 -0.04982 0.04752 0.02188 0.83828 -0.03400 0.54373
1403638530.177830 0.03556 -0.05047 0.02759 0.02348 0.84140 -0.03881 0.53851
1403638530.277829 0.04445 -0.05017 0.01183 0.02564 0.84095 -0.04480 0.53864
1403638530.377830 0.06074 -0.05872 0.00615 0.02793 0.84035 -0.04980 0.53904
1403638530.477829 0.07169 -0.06374 -0.00123 0.02793 0.84013 -0.05343 0.53902
1403638530.627830 0.07844 -0.07527 -0.01194 0.02764 0.84129 -0.05749 0.53681
1403638530.777829 0.08598 -0.07605 -0.01745 0.02700 0.84675 -0.05947 0.52797
1403638531.077830 0.09018 -0.07888 -0.02643 0.02379 0.84193 -0.05704 0.53604
1403638531.377830 0.09016 -0.07561 -0.02758 0.02410 0.83806 -0.05178 0.54258
1403638534.477829 0.08979 -0.07686 -0.02687 0.02374 0.83729 -0.05142 0.54381
1403638538.977829 0.09550 -0.07679 -0.02205 0.02327 0.83090 -0.04980 0.55370
1403638539.077830 0.10162 -0.07844 -0.01859 0.02481 0.82530 -0.05142 0.56181
1403638539.177830 0.11044 -0.07973 -0.01122 0.02407 0.81997 -0.05200 0.56953
1403638539.227829 0.11544 -0.08114 -0.00435 0.02375 0.81733 -0.05150 0.57337
1403638539.277829 0.12077 -0.08034 0.00619 0.02366 0.81624 -0.05121 0.57495
1403638539.377830 0.12987 -0.08454 0.02774 0.02314 0.81714 -0.05052 0.57375
1403638539.477829 0.13966 -0.08687 0.05724 0.02274 0.81918 -0.04933 0.57097
1403638539.577830 0.14960 -0.08982 0.09055 0.02221 0.82008 -0.04780 0.56982
1403638539.777829 0.17265 -0.09173 0.13613 0.02086 0.82188 -0.04547 0.56746
1403638539.977829 0.20149 -0.09624 0.15490 0.01837 0.82894 -0.04443 0.55726
1403638540.077830 0.22036 -0.09693 0.16237 0.01818 0.83480 -0.04406 0.54848
1403638540.377830 0.31494 -0.10142 0.19465 0.01909 0.82849 -0.04064 0.55820
1403638540.577830 0.41520 -0.10457 0.20631 0.00864 0.82615 -0.02325 0.56291
1403638540.677830 0.45236 -0.09534 0.21409 0.00029 0.82603 -0.00609 0.56360
1403638540.777829 0.50063 -0.09412 0.22224 -0.00763 0.82478 0.01786 0.56512
1403638540.977829 0.60218 -0.07123 0.22790 -0.03166 0.82156 0.07206 0.56466
1403638541.027829 0.62743 -0.06270 0.22926 -0.03858 0.82038 0.08253 0.56451
1403638541.177830 0.70710 -0.02944 0.22711 -0.05490 0.81696 0.10472 0.56445
1403638541.477829 0.85921 0.05706 0.23252 -0.06406 0.81552 0.11719 0.56310
1403638541.677830 0.96217 0.14405 0.26279 -0.06778 0.81227 0.12078 0.56660
1403638541.877830 1.05171 0.24516 0.32619 -0.08954 0.80917 0.13517 0.56476
1403638542.077830 1.14068 0.35720 0.38032 -0.11490 0.80539 0.16610 0.55727
1403638542.227829 1.20357 0.44557 0.40510 -0.13757 0.79926 0.19669 0.55097
1403638542.277829 1.22466 0.47508 0.41179 -0.14429 0.79695 0.20840 0.54829
1403638542.377830 1.26602 0.54062 0.42356 -0.15708 0.78907 0.22948 0.54776
1403638542.477829 1.30812 0.60283 0.43074 -0.16261 0.77545 0.24899 0.55700
1403638542.577830 1.34745 0.66505 0.43453 -0.15776 0.76363 0.26655 0.56651
1403638542.677830 1.37741 0.73126 0.44121 -0.15826 0.76009 0.27575 0.56673
1403638542.777829 1.40338 0.80248 0.45433 -0.16655 0.76437 0.27433 0.55923
1403638543.027829 1.45807 0.99261 0.51700 -0.17564 0.77742 0.26465 0.54289
1403638543.277829 1.49937 1.19204 0.57529 -0.17532 0.78113 0.25690 0.54138
1403638543.477829 1.52675 1.35399 0.59811 -0.17692 0.78123 0.26025 0.53912
1403638543.577830 1.54308 1.44326 0.60647 -0.18128 0.77840 0.27079 0.53656
1403638543.627830 1.54986 1.48763 0.60950 -0.18323 0.77612 0.27891 0.53504
1403638543.677830 1.55627 1.53148 0.61284 -0.18709 0.77302 0.28763 0.53358
1403638543.777829 1.56683 1.61957 0.61759 -0.19688 0.76504 0.30865 0.52980
1403638543.877830 1.57940 1.71116 0.62995 -0.20776 0.75526 0.33061 0.52642
1403638543.977829 1.58996 1.80723 0.65044 -0.22141 0.74686 0.34868 0.52115
1403638544.027829 1.59339 1.85611 0.66320 -0.22899 0.74437 0.35494 0.51719
1403638544.077830 1.59849 1.90569 0.67661 -0.23577 0.74308 0.35965 0.51273
1403638544.177830 1.61101 2.00231 0.70063 -0.24562 0.74018 0.36585 0.50790
1403638544.277829 1.62517 2.09957 0.71885 -0.25200 0.73778 0.36899 0.50598
1403638544.427830 1.64763 2.24473 0.73555 -0.25385 0.73772 0.37195 0.50297
1403638544.577830 1.67282 2.39014 0.74720 -0.25438 0.73518 0.37171 0.50659
1403638544.677830 1.68576 2.47709 0.76291 -0.25979 0.72865 0.37115 0.51365
1403638544.877830 1.71610 2.65476 0.79538 -0.25969 0.73093 0.37481 0.50776
1403638545.077830 1.74733 2.83142 0.80995 -0.26172 0.73045 0.37575 0.50671
1403638545.377830 1.79931 3.09573 0.78837 -0.26260 0.72684 0.37769 0.50999
1403638545.627830 1.83782 3.31655 0.75624 -0.27353 0.72233 0.39004 0.50128
1403638545.877830 1.88057 3.54236 0.76437 -0.29759 0.70066 0.43277 0.48294
1403638545.977829 1.89936 3.64851 0.78006 -0.30736 0.68829 0.45468 0.47440
1403638546.077830 1.91719 3.74749 0.79814 -0.31376 0.67640 0.47355 0.46882
1403638546.177830 1.92715 3.83279 0.81418 -0.32152 0.66769 0.48585 0.46343
1403638546.377830 1.95525 4.01928 0.82156 -0.33289 0.66141 0.49561 0.45397
1403638546.577830 1.97939 4.20916 0.81218 -0.33674 0.65896 0.50014 0.44971
1403638546.777829 2.00051 4.40630 0.82344 -0.34292 0.64955 0.51177 0.44563
1403638547.177830 2.03165 4.82297 0.87456 -0.33751 0.63802 0.52779 0.44773
1403638547.377830 2.02490 5.03343 0.87016 -0.33882 0.63802 0.52712 0.44752
1403638547.577830 2.00320 5.24185 0.85061 -0.34684 0.64440 0.52019 0.44029
1403638547.827830 1.97427 5.51777 0.80267 -0.34191 0.64340 0.52119 0.44439
1403638548.027829 1.94235 5.74660 0.75996 -0.34286 0.64264 0.52230 0.44347
1403638548.127830 1.91692 5.85619 0.74656 -0.34663 0.63973 0.52643 0.43985
1403638548.227829 1.89246 5.97744 0.74530 -0.35280 0.63443 0.53320 0.43444
1403638548.377830 1.85246 6.15289 0.75933 -0.36382 0.62176 0.54963 0.42304
1403638548.427830 1.83599 6.21098 0.76935 -0.36783 0.61668 0.55556 0.41924
1403638548.577830 1.79468 6.39018 0.79689 -0.37868 0.60397 0.56830 0.41092
1403638548.677830 1.76576 6.51895 0.80876 -0.38343 0.59848 0.57375 0.40696
1403638548.977829 1.68936 6.90729 0.85251 -0.38871 0.59143 0.58141 0.40134
1403638549.177830 1.63465 7.16416 0.91206 -0.39035 0.59114 0.58093 0.40089
1403638549.377830 1.58029 7.42651 0.99174 -0.39328 0.59352 0.57763 0.39925
1403638549.577830 1.51938 7.68811 1.06478 -0.39644 0.59506 0.57381 0.39934
1403638549.777829 1.47837 7.96398 1.12353 -0.39621 0.59472 0.57284 0.40147
1403638549.977829 1.43418 8.23478 1.20099 -0.39500 0.59704 0.57311 0.39884
1403638550.177830 1.39434 8.52031 1.31055 -0.39612 0.59778 0.57282 0.39702
1403638550.327830 1.36794 8.74235 1.41037 -0.39545 0.59700 0.57390 0.39730
1403638550.577830 1.33509 9.11347 1.55367 -0.40230 0.59764 0.57002 0.39505
1403638550.777829 1.32105 9.40699 1.64306 -0.41003 0.59530 0.56443 0.39864
1403638550.977829 1.32082 9.67702 1.71564 -0.42148 0.58735 0.55574 0.41052
1403638551.177830 1.33198 9.94142 1.78230 -0.42940 0.58543 0.55010 0.41265
1403638551.377830 1.36258 10.17147 1.86456 -0.42533 0.59490 0.54601 0.40873
1403638551.777829 1.50572 10.56793 1.98805 -0.39586 0.65365 0.48342 0.42702
1403638551.877830 1.55763 10.64716 2.00484 -0.38572 0.66424 0.46774 0.43730
1403638551.977829 1.61767 10.72443 2.02704 -0.37378 0.66761 0.46001 0.45053
1403638552.027829 1.64959 10.77192 2.04160 -0.36815 0.66834 0.45730 0.45680
1403638552.077830 1.68290 10.81587 2.05935 -0.36400 0.66933 0.45491 0.46104
1403638552.177830 1.75225 10.88432 2.09530 -0.35805 0.67427 0.45175 0.46161
1403638552.377830 1.90355 11.00297 2.17367 -0.35586 0.67928 0.44796 0.45965
1403638552.477829 1.98372 11.05497 2.20865 -0.36308 0.67562 0.44247 0.46469
1403638552.577830 2.06687 11.09783 2.23773 -0.36861 0.67189 0.43905 0.46896
1403638552.777829 2.24455 11.15946 2.27589 -0.36842 0.66903 0.44250 0.46996
1403638552.977829 2.43512 11.18969 2.29424 -0.36184 0.66537 0.45251 0.47073
1403638553.177830 2.63027 11.19515 2.29601 -0.36355 0.65930 0.45662 0.47398
1403638553.377830 2.82556 11.17383 2.30074 -0.37244 0.64834 0.45436 0.48425
1403638553.477829 2.92182 11.14995 2.31154 -0.36894 0.64287 0.45799 0.49076
1403638553.577830 3.01977 11.11809 2.33032 -0.36598 0.63853 0.46109 0.49571
1403638553.777829 3.19995 11.01040 2.38042 -0.36201 0.63804 0.46525 0.49537
1403638553.977829 3.36524 10.86960 2.45055 -0.35920 0.64286 0.46722 0.48930
1403638554.177830 3.51827 10.70283 2.50516 -0.35293 0.64902 0.47181 0.48125
1403638554.277829 3.59262 10.61902 2.52501 -0.34510 0.65486 0.47767 0.47317
1403638554.377830 3.66884 10.54079 2.54325 -0.33923 0.65813 0.48228 0.46819
1403638554.577830 3.80395 10.37142 2.56459 -0.33777 0.66038 0.48419 0.46408
1403638554.827830 3.96705 10.15923 2.59348 -0.34956 0.66321 0.47670 0.45903
1403638554.877830 4.00291 10.12709 2.61254 -0.35187 0.66338 0.47531 0.45847
1403638555.027829 4.10769 10.00737 2.64678 -0.35354 0.66522 0.47017 0.45983
1403638555.227829 4.24805 9.84819 2.67128 -0.34171 0.67637 0.45742 0.46532
1403638555.377830 4.35340 9.71950 2.67775 -0.33164 0.68249 0.44929 0.47155
1403638555.477829 4.42142 9.63649 2.67508 -0.32584 0.68460 0.44627 0.47538
1403638555.577830 4.49028 9.55428 2.67082 -0.32341 0.68598 0.44363 0.47752
1403638555.977829 4.77107 9.20658 2.72035 -0.31967 0.68773 0.44487 0.47638
1403638556.177830 4.90986 9.04413 2.76949 -0.31722 0.69220 0.44678 0.46971
1403638556.377830 5.05200 8.89101 2.79817 -0.31454 0.69759 0.44860 0.46174
1403638556.777829 5.37416 8.65449 2.85552 -0.32569 0.70307 0.43881 0.45503
1403638557.077830 5.66019 8.51735 2.93692 -0.33359 0.69872 0.43371 0.46087
1403638557.277829 5.86857 8.42756 2.96462 -0.33106 0.69601 0.43668 0.46398
1403638557.477829 6.08758 8.34246 2.97816 -0.32325 0.69174 0.44347 0.46941
1403638557.777829 6.42306 8.21066 3.03482 -0.31646 0.68791 0.44826 0.47507
1403638557.977829 6.63184 8.11492 3.07006 -0.31075 0.68917 0.45124 0.47419
1403638558.277829 6.96158 8.00647 3.07766 -0.30301 0.70286 0.45517 0.45496
1403638558.427830 7.13204 7.96214 3.10610 -0.29501 0.70614 0.45986 0.45040
1403638558.777829 7.53173 7.95067 3.22802 -0.30917 0.71091 0.44767 0.44566
1403638558.977829 7.77613 7.97847 3.28306 -0.31365 0.70482 0.44439 0.45538
1403638559.177830 8.02885 8.02075 3.30680 -0.31473 0.69694 0.44461 0.46641
1403638559.277829 8.15072 8.04397 3.30887 -0.31271 0.69411 0.44686 0.46982
1403638559.577830 8.52099 8.12039 3.28475 -0.30604 0.68727 0.45389 0.47748
1403638559.777829 8.74990 8.18001 3.25450 -0.30703 0.68537 0.45475 0.47875
1403638559.877830 8.85620 8.21277 3.24645 -0.30832 0.68615 0.45399 0.47753
1403638559.977829 8.96151 8.24729 3.23871 -0.30720 0.68966 0.44811 0.47874
1403638560.077830 9.06576 8.28123 3.22512 -0.30187 0.69746 0.43532 0.48261
1403638560.177830 9.16819 8.31535 3.20461 -0.29213 0.70718 0.41728 0.49033
1403638560.227829 9.21762 8.33188 3.19213 -0.28613 0.71287 0.40699 0.49427
1403638560.277829 9.26598 8.34683 3.18033 -0.27986 0.71800 0.39607 0.49928
1403638560.377830 9.36625 8.37867 3.15319 -0.26861 0.72586 0.37176 0.51261
1403638560.427830 9.40985 8.39541 3.13543 -0.26224 0.73007 0.35934 0.51876
1403638560.477829 9.46022 8.40599 3.12260 -0.25594 0.73391 0.34656 0.52514
1403638560.627830 9.59558 8.43696 3.07612 -0.23930 0.74849 0.30573 0.53761
1403638560.677830 9.64377 8.45440 3.04535 -0.23487 0.75368 0.29170 0.54010
1403638560.777829 9.73234 8.46775 3.01311 -0.22763 0.76249 0.26616 0.54402
1403638560.827830 9.77380 8.47154 2.99641 -0.22152 0.76603 0.25507 0.54687
1403638560.877830 9.81549 8.47525 2.98558 -0.21689 0.76895 0.24336 0.54995
1403638561.027829 9.94375 8.47566 2.95841 -0.19809 0.77412 0.21260 0.56240
1403638561.077830 9.98432 8.47139 2.95438 -0.19239 0.77581 0.20261 0.56574
1403638561.177830 10.06149 8.45567 2.94928 -0.18139 0.77717 0.18487 0.57352
1403638561.227829 10.09669 8.44560 2.95136 -0.17715 0.77750 0.17766 0.57667
1403638561.277829 10.12970 8.43315 2.95523 -0.17456 0.77736 0.17147 0.57951
1403638561.377830 10.19415 8.40218 2.96133 -0.16540 0.78194 0.16658 0.57746
1403638561.477829 10.25427 8.36509 2.96248 -0.15174 0.78778 0.17008 0.57224
1403638561.577830 10.31072 8.32461 2.95777 -0.14202 0.79121 0.17469 0.56860
1403638561.777829 10.41885 8.23902 2.93159 -0.13730 0.79294 0.17986 0.56572
1403638561.977829 10.51656 8.14919 2.88586 -0.12964 0.79323 0.17622 0.56827
1403638562.077830 10.56142 8.10290 2.86354 -0.12235 0.79501 0.16756 0.57001
1403638562.277829 10.64015 8.00742 2.83766 -0.10849 0.79781 0.14988 0.57381
1403638562.377830 10.67391 7.96024 2.83375 -0.10256 0.79868 0.13811 0.57664
1403638562.577830 10.73348 7.86707 2.83957 -0.08534 0.80324 0.10238 0.58055
1403638562.777829 10.78053 7.76957 2.86281 -0.06800 0.80763 0.05222 0.58343
1403638562.827830 10.78762 7.74356 2.86817 -0.06087 0.80810 0.04003 0.58452
1403638562.877830 10.79399 7.71651 2.87178 -0.05452 0.80881 0.02761 0.58489
1403638563.027829 10.81532 7.62813 2.87380 -0.03507 0.80937 -0.00665 0.58621
1403638563.077830 10.81811 7.59705 2.87209 -0.03137 0.80943 -0.01875 0.58608
1403638563.227829 10.82141 7.49863 2.86180 -0.01461 0.80769 -0.04662 0.58758
1403638563.377830 10.82440 7.39095 2.83967 -0.00168 0.79856 -0.06144 0.59878
1403638563.477829 10.81895 7.31448 2.81864 -0.00060 0.79262 -0.06810 0.60590
1403638563.677830 10.78584 7.14689 2.78187 0.00490 0.79689 -0.06748 0.60032
1403638563.877830 10.72404 6.96076 2.77366 -0.00139 0.79888 -0.06675 0.59777
1403638564.177830 10.58726 6.64528 2.78350 -0.01117 0.79856 -0.05806 0.59900
1403638564.377830 10.46910 6.40977 2.78311 -0.01058 0.79567 -0.04739 0.60378
1403638564.577830 10.32247 6.16130 2.80769 -0.01271 0.79626 -0.04254 0.60332
1403638564.777829 10.14645 5.89774 2.82666 -0.02165 0.79864 -0.04840 0.59947
1403638564.977829 9.94296 5.60230 2.80561 -0.02585 0.79759 -0.05260 0.60035
1403638565.177830 9.72608 5.28518 2.71893 -0.02759 0.79871 -0.05357 0.59869
1403638565.277829 9.61358 5.11451 2.66254 -0.02606 0.79967 -0.05274 0.59755
1403638565.377830 9.50060 4.94529 2.60195 -0.02335 0.80068 -0.05139 0.59643
1403638565.477829 9.37965 4.76773 2.54109 -0.02042 0.79999 -0.05032 0.59755
1403638565.577830 9.25252 4.57648 2.48611 -0.01396 0.79780 -0.04785 0.60085
1403638565.677830 9.12543 4.39574 2.44074 -0.00211 0.79748 -0.04183 0.60188
1403638565.777829 8.99195 4.20881 2.40127 0.00694 0.80014 -0.03734 0.59860
1403638565.877830 8.85399 4.02714 2.36904 0.01415 0.80227 -0.03395 0.59583
1403638565.977829 8.71447 3.83999 2.34102 0.01647 0.80404 -0.03434 0.59336
1403638566.077830 8.56796 3.65906 2.30565 0.01791 0.80504 -0.03478 0.59192
1403638566.177830 8.41817 3.48598 2.26164 0.01579 0.80518 -0.03612 0.59172
1403638566.277829 8.27019 3.32091 2.21060 0.01641 0.80476 -0.03532 0.59232
1403638566.377830 8.12294 3.15983 2.15125 0.01667 0.80573 -0.03431 0.59106
1403638566.577830 7.83057 2.84759 2.01825 0.01266 0.80906 -0.03325 0.58665
1403638566.627830 7.75722 2.77148 1.97740 0.01165 0.81244 -0.03269 0.58202
1403638566.677830 7.68507 2.69711 1.93557 0.01183 0.81838 -0.03152 0.57369
1403638566.777829 7.54498 2.54933 1.85263 0.01111 0.83006 -0.02968 0.55677
1403638566.827830 7.47807 2.47800 1.80970 0.01067 0.83445 -0.02880 0.55022
1403638566.877830 7.41244 2.40668 1.76585 0.00942 0.83811 -0.02854 0.54467
1403638566.977829 7.28782 2.26350 1.67698 0.00935 0.84200 -0.02564 0.53878
1403638567.077830 7.17209 2.12362 1.59022 0.00899 0.83389 -0.02418 0.55133
1403638567.177830 7.06425 1.98803 1.50155 0.01089 0.82154 -0.02209 0.56962
1403638567.277829 6.96179 1.85562 1.40918 0.01389 0.81291 -0.02028 0.58187
1403638567.377830 6.85803 1.72646 1.31138 0.01671 0.81098 -0.01956 0.58450
1403638567.577830 6.65061 1.47891 1.13119 0.01992 0.81530 -0.02195 0.57828
1403638567.777829 6.44723 1.25008 0.98501 0.02532 0.82180 -0.02290 0.56876
1403638567.977829 6.26223 1.04303 0.87348 0.02458 0.82609 -0.02616 0.56240
1403638568.377830 5.94185 0.67809 0.73309 0.03101 0.82535 -0.02401 0.56326
1403638568.577830 5.80819 0.53110 0.67079 0.03255 0.82755 -0.02332 0.55996
1403638568.777829 5.68579 0.39164 0.59602 0.03337 0.83064 -0.02178 0.55538
1403638569.077830 5.54203 0.22788 0.53196 0.03495 0.82918 -0.02077 0.55750
1403638569.277829 5.46802 0.13789 0.51602 0.03756 0.83122 -0.01970 0.55432
1403638569.777829 5.39902 0.02504 0.45630 0.03954 0.82671 -0.01899 0.56092
1403638570.227829 5.38301 0.03704 0.43825 0.02882 0.82300 -0.02502 0.56676
1403638570.627830 5.40138 0.07391 0.37194 0.00593 0.81752 -0.09247 0.56839
1403638570.877830 5.41200 0.04043 0.28027 0.02706 0.79168 -0.15848 0.58940
1403638571.027829 5.39387 -0.01087 0.22105 0.04962 0.78077 -0.19032 0.59305
1403638571.227829 5.33751 -0.11325 0.14202 0.09129 0.78446 -0.21503 0.57450
1403638571.477829 5.23607 -0.27491 0.09353 0.11986 0.78130 -0.22814 0.56847
1403638571.677830 5.13464 -0.41894 0.06967 0.13306 0.77852 -0.24188 0.56364
1403638571.977829 4.95238 -0.65639 0.00914 0.15653 0.76861 -0.29309 0.54666
1403638572.077830 4.88346 -0.74335 -0.00101 0.16561 0.76160 -0.31228 0.54316
1403638572.277829 4.74286 -0.92686 -0.00018 0.19568 0.75030 -0.34401 0.52954
1403638572.427830 4.63265 -1.07386 -0.00342 0.21592 0.74315 -0.36979 0.51416
1403638572.477829 4.59661 -1.12546 -0.00633 0.22292 0.74139 -0.37529 0.50972
1403638572.577830 4.52377 -1.22887 -0.01050 0.23390 0.73746 -0.38400 0.50397
1403638572.627830 4.48774 -1.28302 -0.01285 0.23698 0.73634 -0.38708 0.50181
1403638572.727829 4.41958 -1.39191 -0.01285 0.24414 0.73599 -0.38976 0.49678
1403638572.877830 4.31973 -1.56263 0.00253 0.25133 0.73938 -0.38848 0.48911
1403638572.977829 4.25828 -1.68127 0.01950 0.25193 0.74155 -0.38737 0.48639
1403638573.077830 4.20016 -1.80223 0.03281 0.25121 0.74363 -0.38607 0.48462
1403638573.227829 4.12320 -1.98768 0.04389 0.24875 0.74570 -0.38365 0.48463
1403638573.377830 4.05659 -2.18080 0.05432 0.24694 0.74743 -0.38194 0.48423
1403638573.477829 4.01809 -2.31239 0.06419 0.25001 0.74753 -0.38211 0.48237
1403638573.577830 3.98415 -2.44935 0.08330 0.25165 0.74746 -0.38231 0.48148
1403638573.677830 3.95827 -2.58375 0.10991 0.25458 0.74778 -0.38289 0.47896
1403638573.727829 3.94684 -2.65081 0.12464 0.25693 0.74660 -0.38449 0.47826
1403638573.777829 3.93842 -2.71852 0.14039 0.26161 0.74414 -0.38630 0.47812
1403638573.827830 3.93183 -2.78650 0.15570 0.26795 0.73948 -0.38860 0.47996
1403638573.877830 3.92681 -2.85434 0.16983 0.27531 0.73385 -0.39193 0.48172
1403638573.977829 3.91979 -2.99118 0.19426 0.28703 0.71844 -0.40549 0.48687
1403638574.027829 3.91779 -3.05952 0.20326 0.29011 0.70872 -0.41559 0.49074
1403638574.077830 3.91618 -3.12687 0.21068 0.29271 0.69822 -0.42704 0.49442
1403638574.177830 3.91101 -3.25806 0.22232 0.29862 0.67605 -0.45112 0.50027
1403638574.227829 3.90744 -3.32300 0.22641 0.30329 0.66599 -0.46230 0.50075
1403638574.277829 3.90198 -3.38742 0.22947 0.30797 0.65744 -0.47339 0.49883
1403638574.377830 3.88573 -3.51298 0.23232 0.32036 0.64421 -0.49328 0.48892
1403638574.427830 3.87605 -3.57429 0.23186 0.32789 0.63843 -0.50196 0.48264
1403638574.477829 3.86478 -3.63619 0.23090 0.33391 0.63265 -0.51126 0.47630
1403638574.577830 3.83782 -3.75570 0.23388 0.34437 0.62207 -0.52538 0.46735
1403638574.627830 3.82371 -3.81529 0.23760 0.35029 0.61762 -0.52959 0.46410
1403638574.677830 3.80863 -3.87445 0.24259 0.35636 0.61570 -0.53244 0.45873
1403638574.777829 3.77565 -3.98983 0.25910 0.36719 0.61555 -0.53491 0.44738
1403638574.877830 3.74263 -4.10166 0.27775 0.36861 0.61766 -0.53923 0.43801
1403638574.977829 3.70991 -4.21215 0.29156 0.36723 0.62011 -0.54243 0.43172
1403638575.027829 3.69382 -4.26734 0.29481 0.36386 0.61984 -0.54492 0.43182
1403638575.177830 3.64312 -4.43315 0.30102 0.35359 0.61628 -0.55094 0.43776
1403638575.377830 3.56655 -4.65662 0.29621 0.34698 0.61842 -0.55169 0.43909
1403638575.477829 3.52375 -4.77147 0.28680 0.34518 0.62395 -0.54997 0.43483
1403638575.577830 3.47741 -4.89365 0.27594 0.34426 0.62901 -0.54736 0.43154
1403638575.677830 3.43137 -5.01486 0.27243 0.34788 0.63534 -0.54203 0.42606
1403638575.777829 3.38505 -5.13990 0.27657 0.34905 0.64183 -0.53893 0.41926
1403638575.877830 3.34167 -5.26826 0.29082 0.34908 0.64601 -0.53681 0.41552
1403638575.977829 3.30280 -5.40049 0.31509 0.34864 0.64632 -0.53605 0.41638
1403638576.077830 3.26658 -5.53792 0.34674 0.34934 0.64691 -0.53466 0.41666
1403638576.127830 3.24872 -5.61285 0.36375 0.34935 0.64655 -0.53477 0.41708
1403638576.227829 3.21693 -5.76024 0.39953 0.35179 0.64569 -0.53312 0.41848
1403638576.377830 3.17649 -5.98344 0.44420 0.35882 0.64745 -0.52865 0.41544
1403638576.477829 3.15553 -6.13565 0.46588 0.36274 0.65002 -0.52611 0.41122
1403638576.527829 3.14665 -6.21568 0.47399 0.36557 0.65254 -0.52418 0.40718
1403638576.627830 3.13406 -6.37576 0.48856 0.36913 0.65535 -0.52181 0.40246
1403638576.777829 3.13188 -6.61754 0.50435 0.37531 0.65329 -0.51713 0.40611
1403638576.827830 3.13583 -6.69899 0.50614 0.37728 0.65065 -0.51583 0.41016
1403638576.927830 3.14855 -6.86038 0.50781 0.37744 0.64505 -0.51606 0.41849
1403638577.027829 3.16738 -7.02199 0.50603 0.37338 0.64032 -0.51901 0.42567
1403638577.177830 3.20350 -7.25795 0.51228 0.36869 0.63549 -0.52280 0.43233
1403638577.377830 3.26210 -7.56898 0.54601 0.37575 0.64023 -0.51761 0.42543
1403638577.477829 3.29710 -7.72431 0.57156 0.38013 0.64270 -0.51433 0.42179
1403638577.627830 3.36052 -7.95146 0.60338 0.37549 0.64187 -0.51723 0.42365
1403638577.777829 3.43292 -8.17047 0.61895 0.37112 0.64124 -0.51979 0.42531
1403638577.827830 3.45870 -8.23977 0.61885 0.37086 0.64134 -0.51987 0.42530
1403638577.977829 3.54212 -8.45494 0.61977 0.37167 0.64193 -0.51811 0.42585
1403638578.177830 3.66779 -8.74008 0.63939 0.36593 0.63822 -0.52048 0.43343
1403638578.277829 3.73324 -8.87937 0.65638 0.35744 0.63339 -0.52602 0.44086
1403638578.427830 3.82924 -9.08788 0.67953 0.35523 0.63105 -0.52798 0.44364
1403638578.527829 3.89006 -9.22208 0.68630 0.35533 0.63043 -0.52852 0.44380
1403638578.577830 3.91843 -9.28549 0.68674 0.35571 0.62998 -0.52868 0.44395
1403638578.627830 3.94745 -9.35101 0.68656 0.35670 0.62938 -0.52840 0.44435
1403638578.677830 3.97612 -9.41721 0.68655 0.35834 0.62968 -0.52755 0.44360
1403638578.777829 4.03242 -9.55021 0.68473 0.36367 0.63221 -0.52414 0.43970
1403638578.827830 4.05973 -9.61271 0.68202 0.36593 0.63449 -0.52244 0.43654
1403638578.927830 4.11672 -9.74131 0.67624 0.37007 0.63572 -0.51963 0.43462
1403638578.977829 4.14604 -9.80606 0.67403 0.37122 0.63634 -0.51832 0.43430
1403638579.127830 4.23919 -9.99837 0.68240 0.37221 0.63716 -0.51656 0.43434
1403638579.227829 4.30423 -10.12387 0.69720 0.37202 0.63713 -0.51628 0.43489
1403638579.327830 4.37140 -10.24617 0.71607 0.36884 0.63557 -0.51793 0.43791
1403638579.377830 4.40507 -10.30606 0.72514 0.36407 0.63311 -0.52117 0.44160
1403638579.427830 4.43938 -10.36808 0.73334 0.36117 0.63101 -0.52307 0.44473
1403638579.527829 4.50683 -10.48773 0.74556 0.35616 0.62785 -0.52534 0.45052
1403638579.577830 4.54015 -10.54750 0.75037 0.35680 0.62648 -0.52229 0.45544
1403638579.627830 4.57086 -10.60219 0.75298 0.35804 0.62554 -0.51718 0.46155
1403638579.677830 4.60279 -10.65961 0.75534 0.35878 0.62710 -0.51008 0.46673
1403638579.727829 4.63133 -10.70825 0.75514 0.35922 0.63134 -0.50097 0.47052
1403638579.777829 4.66094 -10.75764 0.75484 0.35718 0.63751 -0.49099 0.47428
1403638579.827830 4.69209 -10.81049 0.75217 0.35271 0.64677 -0.48098 0.47533
1403638579.877830 4.72374 -10.86307 0.74778 0.34641 0.65756 -0.46977 0.47636
1403638579.927830 4.75587 -10.91522 0.74187 0.33820 0.66771 -0.45798 0.47963
1403638580.027829 4.81976 -11.01316 0.72822 0.32177 0.68541 -0.42825 0.49323
1403638580.077830 4.84998 -11.05920 0.72001 0.31430 0.69224 -0.41016 0.50377
1403638580.127830 4.87987 -11.10104 0.71053 0.30478 0.69869 -0.39178 0.51522
1403638580.177830 4.91087 -11.14119 0.70079 0.29403 0.70654 -0.37311 0.52454
1403638580.227829 4.93913 -11.17686 0.68867 0.28118 0.71470 -0.35502 0.53301
1403638580.277829 4.96668 -11.21017 0.67548 0.26729 0.72348 -0.33812 0.53926
1403638580.327830 4.99450 -11.24239 0.66162 0.25226 0.73230 -0.32351 0.54355
1403638580.377830 5.02108 -11.27318 0.64669 0.23703 0.73958 -0.31186 0.54734
1403638580.427830 5.04698 -11.30296 0.63140 0.22229 0.74601 -0.30325 0.54964
1403638580.477829 5.07193 -11.33212 0.61595 0.21104 0.75109 -0.29552 0.55136
1403638580.527829 5.09593 -11.36082 0.60027 0.20134 0.75458 -0.28911 0.55361
1403638580.577830 5.11555 -11.38899 0.58115 0.19363 0.75832 -0.28233 0.55475
1403638580.627830 5.14129 -11.41652 0.56788 0.18536 0.76287 -0.27554 0.55475
1403638580.677830 5.16237 -11.44318 0.55235 0.17835 0.76839 -0.26780 0.55323
1403638580.727829 5.18294 -11.46954 0.53856 0.17183 0.77384 -0.26005 0.55139
1403638580.777829 5.20227 -11.49535 0.52730 0.16808 0.77847 -0.25292 0.54933
1403638580.827830 5.22116 -11.52091 0.51841 0.16486 0.78198 -0.24738 0.54784
1403638580.877830 5.23874 -11.54580 0.51179 0.16344 0.78536 -0.24221 0.54574
1403638580.927830 5.25638 -11.57033 0.50859 0.16099 0.78624 -0.23951 0.54639
1403638580.977829 5.27389 -11.59416 0.50831 0.15775 0.78679 -0.23891 0.54680
1403638581.027829 5.29030 -11.61712 0.51085 0.15702 0.78736 -0.23779 0.54668
1403638581.077830 5.30629 -11.64059 0.51441 0.15667 0.78778 -0.23714 0.54646
1403638581.127830 5.32262 -11.66253 0.52165 0.15825 0.78779 -0.23614 0.54643
1403638581.177830 5.33836 -11.68406 0.52917 0.15945 0.78768 -0.23576 0.54639
1403638581.227829 5.35338 -11.70583 0.53671 0.16100 0.78794 -0.23559 0.54564
1403638581.277829 5.36738 -11.72672 0.54398 0.16356 0.78776 -0.23549 0.54518
1403638581.377830 5.39311 -11.76397 0.56046 0.16683 0.78654 -0.23652 0.54552
1403638581.427830 5.40703 -11.77304 0.56794 0.16843 0.78567 -0.23726 0.54596
1403638581.477829 5.42036 -11.79792 0.57982 0.16985 0.78438 -0.23835 0.54689
1403638581.527829 5.43473 -11.81698 0.58994 0.17114 0.78433 -0.23964 0.54600
1403638581.577830 5.44771 -11.83259 0.61147 0.17287 0.78386 -0.24033 0.54583
1403638581.627830 5.46455 -11.85461 0.61132 0.17508 0.78195 -0.24073 0.54768
1403638581.677830 5.47987 -11.87414 0.62018 0.17797 0.77973 -0.24033 0.55008
1403638581.727829 5.49490 -11.89188 0.62712 0.17972 0.77728 -0.24057 0.55287
1403638581.777829 5.50982 -11.90930 0.63149 0.17995 0.77620 -0.24189 0.55374
1403638581.827830 5.52472 -11.92644 0.63295 0.18134 0.77561 -0.24193 0.55408
1403638581.877830 5.53909 -11.94277 0.63482 0.18279 0.77318 -0.24183 0.55705
1403638581.927830 5.55371 -11.95888 0.63590 0.18437 0.76893 -0.24124 0.56263
1403638581.977829 5.56735 -11.97357 0.63555 0.18629 0.76565 -0.24005 0.56697
1403638582.027829 5.58058 -11.98583 0.63426 0.18650 0.76548 -0.24039 0.56699
1403638582.077830 5.59161 -12.00457 0.63658 0.18503 0.76746 -0.24177 0.56420
1403638582.127830 5.60515 -12.00664 0.63553 0.18436 0.77179 -0.24268 0.55808
1403638582.177830 5.61694 -12.01500 0.64022 0.18097 0.77486 -0.24496 0.55393
1403638582.277829 5.64007 -12.02893 0.66075 0.18135 0.77793 -0.24494 0.54949
1403638582.327830 5.65347 -12.03689 0.67428 0.18346 0.77646 -0.24325 0.55162
1403638582.377830 5.66683 -12.04302 0.68997 0.18376 0.77476 -0.24265 0.55417
1403638582.427830 5.68082 -12.05041 0.70792 0.18505 0.77407 -0.24168 0.55512
1403638582.527829 5.70742 -12.06081 0.75527 0.18602 0.77306 -0.24068 0.55664
1403638582.577830 5.72550 -12.06608 0.77758 0.18675 0.77320 -0.24000 0.55649
1403638582.627830 5.73727 -12.07119 0.81102 0.18661 0.77304 -0.24018 0.55669
1403638582.677830 5.75153 -12.07482 0.84227 0.18654 0.77437 -0.24026 0.55482
1403638582.727829 5.76647 -12.07736 0.87525 0.18569 0.77569 -0.24115 0.55288
1403638582.777829 5.78083 -12.07892 0.91054 0.18477 0.77601 -0.24206 0.55233
1403638582.827830 5.79435 -12.07923 0.94652 0.18517 0.77707 -0.24214 0.55068
1403638582.877830 5.80870 -12.07899 0.98190 0.18522 0.77740 -0.24266 0.54996
1403638582.927830 5.82540 -12.07685 1.01467 0.18486 0.77838 -0.24334 0.54839
1403638582.977829 5.83347 -12.07260 1.04578 0.18411 0.77962 -0.24429 0.54646
1403638583.027829 5.84442 -12.06732 1.07413 0.18391 0.78112 -0.24495 0.54409
1403638583.127830 5.86608 -12.05345 1.12721 0.18337 0.78317 -0.24613 0.54077
1403638583.177830 5.87759 -12.04518 1.14983 0.18320 0.78374 -0.24670 0.53975
1403638583.227829 5.88910 -12.03701 1.17095 0.18247 0.78418 -0.24758 0.53895
1403638583.277829 5.90163 -12.02887 1.19093 0.18198 0.78434 -0.24799 0.53869
1403638583.327830 5.91462 -12.02007 1.20948 0.18295 0.78409 -0.24743 0.53899
1403638583.427830 5.94342 -11.99995 1.24511 0.18268 0.78444 -0.24769 0.53845
1403638583.477829 5.95896 -11.99014 1.26204 0.18270 0.78477 -0.24768 0.53797
1403638583.527829 5.97502 -11.97988 1.28084 0.18246 0.78504 -0.24781 0.53760
1403638583.577830 5.99179 -11.96821 1.30223 0.18295 0.78476 -0.24763 0.53793
1403638583.627830 6.01203 -11.95611 1.32833 0.18340 0.78495 -0.24730 0.53765
1403638583.677830 6.03193 -11.95912 1.34871 0.18449 0.78521 -0.24638 0.53731
1403638583.727829 6.04772 -11.94621 1.37171 0.18441 0.78504 -0.24644 0.53756
1403638583.777829 6.06452 -11.93347 1.39401 0.18424 0.78492 -0.24638 0.53783
1403638583.827830 6.08200 -11.92051 1.41466 0.18504 0.78484 -0.24589 0.53789
1403638583.877830 6.09970 -11.90676 1.43306 0.18501 0.78408 -0.24592 0.53899
1403638583.927830 6.11827 -11.89222 1.44958 0.18489 0.78398 -0.24591 0.53919
1403638583.977829 6.13711 -11.87701 1.46413 0.18553 0.78405 -0.24565 0.53898
1403638584.027829 6.15634 -11.86115 1.47725 0.18609 0.78326 -0.24519 0.54014
1403638584.077830 6.17614 -11.84484 1.48990 0.18855 0.78061 -0.24352 0.54387
1403638584.177830 6.21628 -11.80578 1.51331 0.19276 0.77168 -0.24018 0.55647
1403638584.227829 6.23584 -11.78617 1.52164 0.19524 0.76671 -0.23815 0.56332
1403638584.277829 6.25459 -11.76519 1.52734 0.19504 0.76269 -0.23797 0.56889
1403638584.327830 6.27282 -11.74333 1.53114 0.19688 0.76089 -0.23685 0.57112
1403638584.377830 6.28930 -11.71968 1.53232 0.19676 0.75996 -0.23680 0.57243
1403638584.427830 6.30412 -11.69449 1.53144 0.19683 0.75998 -0.23683 0.57236
1403638584.527829 6.32913 -11.63676 1.52915 0.19633 0.75951 -0.23712 0.57303
1403638584.577830 6.33723 -11.60579 1.52590 0.19722 0.76016 -0.23623 0.57224
1403638584.627830 6.34657 -11.57483 1.52654 0.19595 0.76077 -0.23692 0.57158
1403638584.677830 6.35322 -11.54174 1.52816 0.19492 0.76201 -0.23756 0.57000
1403638584.727829 6.35809 -11.50684 1.53081 0.19369 0.76444 -0.23809 0.56695
1403638584.777829 6.36141 -11.47034 1.53506 0.19122 0.76883 -0.23976 0.56111
1403638584.827830 6.36408 -11.43263 1.54098 0.18900 0.77241 -0.24133 0.55626
1403638584.877830 6.36618 -11.39399 1.54641 0.18488 0.77642 -0.24432 0.55073
1403638584.927830 6.36785 -11.35470 1.55346 0.18378 0.77835 -0.24549 0.54784
1403638584.977829 6.37276 -11.31620 1.56213 0.18298 0.77995 -0.24625 0.54549
1403638585.027829 6.37698 -11.27725 1.56861 0.18205 0.78103 -0.24688 0.54396
1403638585.077830 6.37294 -11.23901 1.55752 0.18257 0.78110 -0.24684 0.54371
1403638585.127830 6.36466 -11.19344 1.56700 0.18061 0.78107 -0.24795 0.54391
1403638585.177830 6.36139 -11.15188 1.56535 0.18000 0.78085 -0.24830 0.54427
1403638585.227829 6.35649 -11.11047 1.56201 0.18041 0.77992 -0.24803 0.54558
1403638585.277829 6.35012 -11.06927 1.55616 0.18087 0.77898 -0.24737 0.54706
1403638585.327830 6.34506 -11.03650 1.55329 0.18135 0.77762 -0.24681 0.54909
1403638585.377830 6.33699 -10.98914 1.54217 0.18115 0.77696 -0.24647 0.55025
1403638585.427830 6.32566 -10.94999 1.53080 0.18082 0.77711 -0.24638 0.55018
1403638585.477829 6.31250 -10.91135 1.51966 0.18065 0.77731 -0.24637 0.54996
1403638585.527829 6.30037 -10.86529 1.50760 0.18060 0.77817 -0.24597 0.54894
1403638585.577830 6.28577 -10.83400 1.50266 0.17938 0.77918 -0.24619 0.54781
1403638585.627830 6.27136 -10.79570 1.49771 0.17934 0.78023 -0.24581 0.54649
1403638585.677830 6.24964 -10.75351 1.49261 0.17879 0.78172 -0.24583 0.54453
1403638585.727829 6.23489 -10.71692 1.49780 0.17750 0.78415 -0.24638 0.54120
1403638585.777829 6.22592 -10.67869 1.49809 0.17530 0.78670 -0.24773 0.53759
1403638585.827830 6.21583 -10.64068 1.50534 0.17431 0.78875 -0.24835 0.53462
1403638585.877830 6.20783 -10.60292 1.51500 0.17252 0.79049 -0.24946 0.53211
1403638585.927830 6.20120 -10.56467 1.52755 0.17097 0.79101 -0.25083 0.53118
1403638585.977829 6.20493 -10.52751 1.54303 0.17062 0.79038 -0.25142 0.53196
1403638586.027829 6.19811 -10.48488 1.55863 0.17115 0.78822 -0.25113 0.53511
1403638586.077830 6.19619 -10.44250 1.57436 0.17254 0.78613 -0.25069 0.53794
1403638586.127830 6.19255 -10.39787 1.58925 0.17353 0.78441 -0.25075 0.54011
1403638586.177830 6.19836 -10.35273 1.60184 0.17441 0.78324 -0.25016 0.54180
1403638586.227829 6.20151 -10.30731 1.61357 0.17554 0.78197 -0.24967 0.54347
1403638586.277829 6.20577 -10.26193 1.62406 0.17683 0.78058 -0.24901 0.54537
1403638586.327830 6.21078 -10.21652 1.63332 0.17908 0.77871 -0.24784 0.54784
1403638586.377830 6.21646 -10.17190 1.64095 0.18275 0.77743 -0.24537 0.54954
1403638586.427830 6.22174 -10.12802 1.64737 0.18696 0.77608 -0.24292 0.55112
1403638586.477829 6.22622 -10.08404 1.65221 0.19087 0.77573 -0.24039 0.55138
1403638586.527829 6.23196 -10.03180 1.65769 0.19370 0.77503 -0.23873 0.55210
1403638586.577830 6.23405 -9.99619 1.65716 0.19308 0.77499 -0.23916 0.55219
1403638586.627830 6.23768 -9.95364 1.65634 0.19109 0.77560 -0.24053 0.55144
1403638586.677830 6.24272 -9.90214 1.65613 0.19024 0.77586 -0.24135 0.55100
1403638586.727829 6.24320 -9.86989 1.65001 0.18751 0.77558 -0.24304 0.55159
1403638586.777829 6.24389 -9.83119 1.64359 0.18594 0.77557 -0.24395 0.55173
1403638586.877830 6.25420 -9.74717 1.62999 0.18371 0.77450 -0.24489 0.55356
1403638586.927830 6.26266 -9.70667 1.61998 0.18423 0.77418 -0.24452 0.55399
1403638586.977829 6.26770 -9.66296 1.60958 0.18383 0.77427 -0.24458 0.55398
1403638587.027829 6.27142 -9.62039 1.59760 0.18318 0.77407 -0.24462 0.55445
1403638587.077830 6.27521 -9.57641 1.58634 0.18286 0.77414 -0.24489 0.55435
1403638587.127830 6.27891 -9.53225 1.57649 0.18234 0.77427 -0.24511 0.55424
1403638587.177830 6.28221 -9.48826 1.56895 0.18234 0.77536 -0.24473 0.55288
1403638587.227829 6.28517 -9.44402 1.56331 0.18200 0.77656 -0.24448 0.55141
1403638587.277829 6.28829 -9.39949 1.56011 0.18151 0.77707 -0.24477 0.55073
1403638587.327830 6.29119 -9.35537 1.55817 0.18154 0.77817 -0.24493 0.54910
1403638587.377830 6.29339 -9.30977 1.55751 0.18084 0.77869 -0.24502 0.54854
1403638587.427830 6.29559 -9.26369 1.55804 0.18006 0.77879 -0.24581 0.54831
1403638587.477829 6.29823 -9.21750 1.55838 0.17898 0.77876 -0.24672 0.54829
1403638587.527829 6.30141 -9.17114 1.55803 0.17879 0.77853 -0.24681 0.54865
1403638587.577830 6.30426 -9.12471 1.55609 0.17818 0.77882 -0.24768 0.54804
1403638587.627830 6.30709 -9.07865 1.55275 0.17781 0.77846 -0.24803 0.54851
1403638587.677830 6.30963 -9.03269 1.54810 0.17793 0.77837 -0.24822 0.54851
1403638587.777829 6.31283 -8.93958 1.53575 0.17780 0.77799 -0.24857 0.54893
1403638587.877830 6.31611 -8.85054 1.51794 0.17686 0.77759 -0.24941 0.54943
1403638588.177830 6.32671 -8.57737 1.44566 0.18429 0.77755 -0.24433 0.54933
1403638588.377830 6.33247 -8.38995 1.39766 0.18772 0.77867 -0.24113 0.54799
1403638588.577830 6.34171 -8.19493 1.38241 0.18358 0.77789 -0.24372 0.54936
1403638588.777829 6.34662 -7.99179 1.39745 0.17968 0.77560 -0.24631 0.55271
1403638588.977829 6.34937 -7.78860 1.40327 0.17748 0.77496 -0.24877 0.55322
1403638589.227829 6.34800 -7.53378 1.37103 0.17906 0.77481 -0.24847 0.55305
1403638589.427830 6.34492 -7.33704 1.33658 0.17859 0.77417 -0.24871 0.55399
1403638589.677830 6.33307 -7.08821 1.32361 0.17785 0.77504 -0.24898 0.55289
1403638589.977829 6.30769 -6.78194 1.33365 0.17857 0.77704 -0.25077 0.54903
1403638590.027829 6.30675 -6.74105 1.33711 0.17769 0.77683 -0.25156 0.54925
1403638590.377830 6.27441 -6.40634 1.29412 0.17851 0.77550 -0.25287 0.55026
1403638590.577830 6.25274 -6.20959 1.25603 0.17758 0.77711 -0.25384 0.54784
1403638590.777829 6.23082 -6.01691 1.24157 0.17502 0.77956 -0.25537 0.54447
1403638591.077830 6.20657 -5.73207 1.27096 0.17274 0.78184 -0.25781 0.54076
1403638591.227829 6.19560 -5.58901 1.28045 0.17097 0.78891 -0.25994 0.52992
1403638591.327830 6.19150 -5.50461 1.28001 0.16759 0.79456 -0.26268 0.52114
1403638591.477829 6.19520 -5.39200 1.27285 0.16360 0.79898 -0.26596 0.51395
1403638591.627830 6.21039 -5.31381 1.25554 0.15992 0.80239 -0.26879 0.50828
1403638591.877830 6.26789 -5.21603 1.22135 0.16205 0.79793 -0.26747 0.51527
1403638592.027829 6.31842 -5.20871 1.22017 0.16297 0.79357 -0.26624 0.52230
1403638592.177830 6.38284 -5.21327 1.23772 0.16111 0.78996 -0.26380 0.52955
1403638592.277829 6.42866 -5.21856 1.26370 0.15603 0.78445 -0.25853 0.54172
1403638592.377830 6.47483 -5.20823 1.29604 0.14701 0.78183 -0.24970 0.55206
1403638592.427830 6.49649 -5.21611 1.31594 0.14136 0.78239 -0.24299 0.55573
1403638592.477829 6.51735 -5.21404 1.33549 0.13520 0.78429 -0.23588 0.55765
1403638592.577830 6.55778 -5.21063 1.37865 0.12732 0.79159 -0.22170 0.55499
1403638592.677830 6.59617 -5.21080 1.42772 0.12071 0.79900 -0.21046 0.55021
1403638592.777829 6.63205 -5.21868 1.47565 0.11544 0.80604 -0.20291 0.54388
1403638592.977829 6.71263 -5.23788 1.55562 0.11060 0.81356 -0.19464 0.53666
1403638593.177830 6.80697 -5.27253 1.62062 0.10961 0.81261 -0.19238 0.53911
1403638593.277829 6.86023 -5.29612 1.65994 0.11632 0.80933 -0.18856 0.54397
1403638593.377830 6.91626 -5.32102 1.70548 0.12525 0.80597 -0.18338 0.54872
1403638593.477829 6.97214 -5.34639 1.74813 0.13338 0.80138 -0.17935 0.55483
1403638593.527829 6.99988 -5.35808 1.76798 0.13598 0.79974 -0.17851 0.55683
1403638593.677830 7.08502 -5.38802 1.81424 0.14055 0.79738 -0.17759 0.55937
1403638593.827830 7.16963 -5.41044 1.84714 0.13995 0.78959 -0.17882 0.57007
1403638593.877830 7.19649 -5.41532 1.86092 0.13740 0.78362 -0.17796 0.57913
1403638593.977829 7.24594 -5.42124 1.88948 0.13079 0.78021 -0.17488 0.58616
1403638594.077830 7.28610 -5.42394 1.92080 0.12251 0.78576 -0.17285 0.58111
1403638594.277829 7.35303 -5.42124 1.98841 0.12081 0.79422 -0.16349 0.57262
1403638594.427830 7.39470 -5.41342 2.03778 0.12542 0.79248 -0.15535 0.57629
1403638594.627830 7.43764 -5.38559 2.12228 0.11828 0.79267 -0.15663 0.57720
1403638595.027829 7.50315 -5.30175 2.27662 0.11248 0.79593 -0.16393 0.57182
1403638595.977829 7.50415 -5.07785 2.32099 0.12284 0.79951 -0.15934 0.56596
1403638596.177830 7.49409 -5.01407 2.28306 0.14154 0.80169 -0.14649 0.56195
1403638596.377830 7.48837 -4.92622 2.26388 0.16255 0.80360 -0.13008 0.55757
1403638596.627830 7.50005 -4.75105 2.28715 0.17855 0.80396 -0.11666 0.55511
1403638596.827830 7.53207 -4.53995 2.34565 0.18885 0.80431 -0.10807 0.55294
1403638596.977829 7.56470 -4.34159 2.40487 0.19157 0.80260 -0.10611 0.55486
1403638597.077830 7.59843 -4.18477 2.43546 0.19468 0.80164 -0.10520 0.55535
1403638597.177830 7.63413 -4.01630 2.46017 0.19710 0.79984 -0.10499 0.55712
1403638597.277829 7.67349 -3.83116 2.47810 0.19474 0.79722 -0.10810 0.56110
1403638597.377830 7.71630 -3.62970 2.48946 0.19018 0.79546 -0.11317 0.56415
1403638597.477829 7.76140 -3.41298 2.49602 0.18170 0.79222 -0.12030 0.57000
1403638597.577830 7.80719 -3.18508 2.49812 0.16908 0.78765 -0.12993 0.57805
1403638597.677830 7.84949 -2.94875 2.49503 0.16476 0.78534 -0.13406 0.58148
1403638597.777829 7.88260 -2.70798 2.49612 0.16890 0.78712 -0.12902 0.57903
1403638597.877830 7.91428 -2.45891 2.48814 0.17301 0.78971 -0.11766 0.57670
1403638597.977829 7.94761 -2.19944 2.47668 0.17409 0.79133 -0.10843 0.57596
1403638598.027829 7.96515 -2.06579 2.47106 0.17254 0.79197 -0.10576 0.57605
1403638598.077830 7.98260 -1.92890 2.46807 0.16727 0.79161 -0.10587 0.57808
1403638598.177830 8.01393 -1.64689 2.46657 0.14561 0.79321 -0.11504 0.57999
1403638598.227829 8.02958 -1.50330 2.46788 0.13620 0.79352 -0.11929 0.58098
1403638598.277829 8.04399 -1.36072 2.46783 0.12816 0.79527 -0.12346 0.57955
1403638598.427830 8.08215 -0.92810 2.46552 0.11463 0.79809 -0.13018 0.57704
1403638598.477829 8.09305 -0.78516 2.46142 0.11300 0.79940 -0.13050 0.57546
1403638598.627830 8.12103 -0.35647 2.43890 0.10594 0.80293 -0.12499 0.57312
1403638598.777829 8.14596 0.06649 2.40979 0.09513 0.80586 -0.10917 0.57413
1403638598.877830 8.16189 0.34552 2.39568 0.08586 0.80690 -0.09476 0.57668
1403638598.977829 8.17584 0.62211 2.38617 0.07598 0.80939 -0.07835 0.57704
1403638599.077830 8.18795 0.89477 2.38119 0.06385 0.81089 -0.06165 0.57843
1403638599.177830 8.19720 1.16909 2.38497 0.05189 0.81221 -0.04404 0.57937
1403638599.277829 8.20321 1.44170 2.39250 0.04095 0.81413 -0.02503 0.57869
1403638599.427830 8.20711 1.84960 2.41740 0.02435 0.81820 0.00005 0.57441
1403638599.477829 8.20817 1.98298 2.42615 0.01955 0.81937 0.00563 0.57290
1403638599.577830 8.21030 2.25038 2.44318 0.01414 0.82167 0.01416 0.56962
1403638599.627830 8.21157 2.38406 2.44766 0.01165 0.82213 0.01632 0.56895
1403638599.777829 8.21535 2.78199 2.45123 0.00943 0.82325 0.01978 0.56726
1403638599.877830 8.21977 3.04252 2.44602 0.00741 0.82453 0.01744 0.56550
1403638599.977829 8.22708 3.29960 2.43707 0.00354 0.82473 0.01195 0.56538
1403638600.077830 8.23888 3.55508 2.42415 -0.00290 0.82590 0.00422 0.56379
1403638600.177830 8.25429 3.80609 2.40577 -0.01495 0.82767 -0.00749 0.56097
1403638600.227829 8.25738 3.93065 2.39187 -0.01971 0.82927 -0.01285 0.55835
1403638600.377830 8.29257 4.28544 2.36162 -0.03234 0.83125 -0.02671 0.55431
1403638600.477829 8.31815 4.50551 2.34479 -0.03853 0.83244 -0.03316 0.55177
1403638600.577830 8.34827 4.71067 2.33782 -0.03646 0.83299 -0.03381 0.55105
1403638600.677830 8.38255 4.90073 2.33810 -0.03929 0.83448 -0.03680 0.54841
1403638600.777829 8.42438 5.07680 2.34576 -0.03898 0.83819 -0.03665 0.54275
1403638600.877830 8.47230 5.23560 2.35882 -0.02807 0.84198 -0.02779 0.53807
1403638600.977829 8.52710 5.38472 2.36968 -0.01133 0.84406 -0.01430 0.53593
1403638601.027829 8.55873 5.45529 2.37347 -0.00556 0.84453 -0.00944 0.53539
1403638601.177830 8.65945 5.66404 2.37703 0.00573 0.84310 0.00014 0.53772
1403638601.277829 8.73658 5.80083 2.37511 0.01513 0.83669 0.00763 0.54742
1403638601.377830 8.81998 5.93843 2.37125 0.01237 0.83163 0.01145 0.55507
1403638601.427830 8.86568 6.00752 2.37232 0.00575 0.82873 0.01271 0.55947
1403638601.477829 8.91099 6.07568 2.37444 -0.00071 0.82727 0.01618 0.56158
1403638601.627830 9.04245 6.28481 2.39030 -0.01720 0.82129 0.03943 0.56889
1403638601.677830 9.08710 6.35319 2.39945 -0.02278 0.81978 0.05072 0.56997
1403638601.777829 9.17306 6.49338 2.42035 -0.03536 0.81679 0.07624 0.57078
1403638601.827830 9.21577 6.56274 2.43468 -0.04298 0.81449 0.09041 0.57147
1403638601.877830 9.25691 6.63247 2.45072 -0.04926 0.81166 0.10547 0.57241
1403638601.977829 9.33635 6.77550 2.48047 -0.06404 0.80840 0.12889 0.57077
1403638602.027829 9.37602 6.84647 2.49398 -0.07019 0.80760 0.13832 0.56896
1403638602.127830 9.45263 6.99028 2.51536 -0.07840 0.80456 0.15370 0.56825
1403638602.227829 9.52411 7.13437 2.53052 -0.08405 0.79827 0.17048 0.57152
1403638602.277829 9.55960 7.20849 2.53613 -0.08906 0.79485 0.17893 0.57295
1403638602.427830 9.65220 7.43464 2.55878 -0.12960 0.77396 0.19433 0.58858
1403638602.577830 9.72335 7.65379 2.60218 -0.18183 0.74012 0.20247 0.61495
1403638602.627830 9.74183 7.72108 2.61967 -0.19445 0.73343 0.20764 0.61737
1403638602.677830 9.75450 7.78138 2.63739 -0.20246 0.72979 0.21579 0.61632
1403638602.777829 9.76685 7.89185 2.67725 -0.21342 0.72538 0.23540 0.61063
1403638602.827830 9.76763 7.94062 2.69861 -0.21783 0.72340 0.24578 0.60732
1403638602.877830 9.76474 7.98586 2.72169 -0.22436 0.72192 0.25499 0.60289
1403638603.027829 9.73210 8.09744 2.79179 -0.25373 0.72036 0.27739 0.58288
1403638603.077830 9.71768 8.13086 2.80950 -0.26234 0.71704 0.28474 0.57962
1403638603.277829 9.64170 8.22188 2.87123 -0.27236 0.71718 0.31575 0.55837
1403638603.377830 9.60240 8.25494 2.88008 -0.26528 0.73003 0.32991 0.53651
1403638603.577830 9.50541 8.29235 2.90911 -0.26265 0.73644 0.34093 0.52196
1403638603.677830 9.46362 8.30538 2.91538 -0.26474 0.72873 0.34328 0.53011
1403638603.977829 9.30205 8.33053 2.88092 -0.24674 0.70564 0.35722 0.55999
1403638604.227829 9.11166 8.32396 2.83829 -0.24281 0.70255 0.35927 0.56426
1403638604.477829 8.85569 8.29623 2.83702 -0.24924 0.72098 0.35574 0.53992
1403638604.577830 8.74480 8.27806 2.84573 -0.24729 0.72560 0.35708 0.53370
1403638604.827830 8.45265 8.22942 2.84603 -0.25526 0.73237 0.35189 0.52407
1403638604.977829 8.28257 8.19170 2.84856 -0.25224 0.74000 0.35383 0.51340
1403638605.227829 8.01366 8.13517 2.88455 -0.24520 0.75093 0.35906 0.49705
1403638605.477829 7.77565 8.10281 2.91840 -0.23026 0.73629 0.37052 0.51727
1403638605.777829 7.48027 8.09749 2.92475 -0.21910 0.72107 0.37932 0.53681
1403638605.977829 7.25240 8.11989 2.95609 -0.21240 0.72024 0.38297 0.53803
1403638606.177830 7.00390 8.17288 2.98043 -0.20647 0.72012 0.38532 0.53882
1403638606.577830 6.40829 8.32242 2.95867 -0.22510 0.74860 0.36982 0.50216
1403638606.827830 6.03265 8.47688 2.89798 -0.23866 0.75000 0.38720 0.48022
1403638606.977829 5.83576 8.58203 2.86428 -0.25477 0.74058 0.40896 0.46839
1403638607.227829 5.54216 8.80270 2.84463 -0.29301 0.71577 0.43236 0.46355
1403638607.377830 5.38622 8.94720 2.83025 -0.31163 0.70004 0.43454 0.47330
1403638607.577830 5.19602 9.13800 2.78249 -0.31946 0.69587 0.43703 0.47193
1403638607.777829 5.02309 9.31937 2.71849 -0.31966 0.69268 0.43745 0.47609
1403638607.977829 4.87056 9.49142 2.63726 -0.32305 0.69933 0.43205 0.46895
1403638608.177830 4.74185 9.65303 2.54034 -0.32002 0.69511 0.42985 0.47921
1403638608.377830 4.62313 9.80513 2.42323 -0.31897 0.68478 0.42795 0.49618
1403638608.577830 4.50676 9.93789 2.28393 -0.31719 0.68620 0.42834 0.49502
1403638608.777829 4.38921 10.05176 2.15165 -0.32317 0.68363 0.42412 0.49833
1403638609.077830 4.22149 10.16949 2.00076 -0.32023 0.69398 0.42679 0.48343
1403638609.227829 4.14364 10.21547 1.94592 -0.32665 0.69442 0.42214 0.48258
1403638609.377830 4.06232 10.24741 1.88322 -0.32889 0.69490 0.42008 0.48216
1403638609.577830 3.99565 10.28975 1.77001 -0.32184 0.69495 0.42421 0.48323
1403638609.777829 3.92900 10.31537 1.64193 -0.31858 0.69409 0.42649 0.48462
1403638609.977829 3.87149 10.33175 1.53431 -0.31998 0.69388 0.42535 0.48500
1403638610.427830 3.76617 10.31249 1.33778 -0.32831 0.68649 0.41843 0.49585
1403638610.827830 3.68201 10.19521 1.11422 -0.33053 0.68436 0.41804 0.49763
1403638610.977829 3.65096 10.12804 1.05015 -0.32932 0.68718 0.42027 0.49266
1403638611.277829 3.59692 9.95479 0.91574 -0.33331 0.68298 0.41959 0.49637
1403638611.577830 3.53812 9.73140 0.80687 -0.30588 0.67583 0.43724 0.50844
1403638611.777829 3.48018 9.57008 0.75929 -0.30984 0.68401 0.43344 0.49825
1403638611.977829 3.41618 9.40418 0.69233 -0.31765 0.69309 0.42644 0.48670
1403638612.177830 3.35466 9.23489 0.63010 -0.31839 0.69628 0.42456 0.48330
1403638612.577830 3.26212 8.89667 0.56278 -0.31367 0.69249 0.42433 0.49195
1403638612.777829 3.22578 8.73035 0.50042 -0.30495 0.68967 0.42656 0.49941
1403638613.127830 3.11873 8.41320 0.40571 -0.30605 0.69269 0.42105 0.49924
1403638613.377830 3.03343 8.18849 0.39130 -0.30460 0.69444 0.42147 0.49733
1403638613.877830 2.85216 7.75443 0.32369 -0.30893 0.69704 0.39345 0.51371
1403638614.177830 2.73557 7.46053 0.22303 -0.27437 0.72172 0.35847 0.52473
1403638614.477829 2.59724 7.12783 0.14456 -0.25140 0.74223 0.32626 0.52862
1403638614.777829 2.47795 6.82289 0.16124 -0.24258 0.76192 0.28918 0.52631
1403638615.277829 2.37485 6.29914 0.32999 -0.15692 0.79600 0.18799 0.55355
1403638615.377830 2.36073 6.17783 0.36465 -0.13562 0.79968 0.16258 0.56185
1403638615.427830 2.35374 6.11646 0.38001 -0.12553 0.80108 0.14955 0.56581
1403638615.477829 2.34734 6.05565 0.39366 -0.11538 0.80279 0.13663 0.56881
1403638615.577830 2.33288 5.93520 0.41538 -0.09827 0.80616 0.11230 0.57257
1403638615.627830 2.32649 5.87634 0.42514 -0.09084 0.80723 0.10297 0.57405
1403638615.677830 2.31939 5.81734 0.43457 -0.08504 0.80828 0.09492 0.57484
1403638615.777829 2.30304 5.70025 0.45718 -0.07737 0.80958 0.08244 0.57602
1403638615.827830 2.29397 5.64058 0.47142 -0.07412 0.81012 0.07723 0.57641
1403638615.877830 2.28456 5.58132 0.48632 -0.07226 0.81080 0.07061 0.57654
1403638615.927830 2.27478 5.52184 0.50083 -0.06903 0.81103 0.06455 0.57732
1403638615.977829 2.26497 5.46278 0.51410 -0.06509 0.81237 0.05873 0.57652
1403638616.027829 2.25499 5.40321 0.52623 -0.06095 0.81260 0.05274 0.57722
1403638616.077830 2.24509 5.34351 0.53502 -0.05624 0.81299 0.04649 0.57769
1403638616.177830 2.22427 5.22510 0.54457 -0.04653 0.81418 0.03241 0.57783
1403638616.227829 2.21370 5.16366 0.54339 -0.04168 0.81479 0.02375 0.57777
1403638616.277829 2.20296 5.10030 0.53906 -0.03608 0.81518 0.01437 0.57790
1403638616.377830 2.18006 4.97619 0.51860 -0.02296 0.81587 -0.00483 0.57775
1403638616.427830 2.16853 4.91155 0.50588 -0.01683 0.81620 -0.01387 0.57736
1403638616.477829 2.15700 4.84780 0.49181 -0.01262 0.81638 -0.02263 0.57693
1403638616.527829 2.14494 4.78445 0.47642 -0.00757 0.81695 -0.02938 0.57591
1403638616.577830 2.13296 4.72099 0.46020 -0.00337 0.81809 -0.03508 0.57401
1403638616.627830 2.12106 4.65743 0.44316 0.00009 0.81989 -0.04025 0.57111
1403638616.677830 2.10937 4.59349 0.42520 0.00235 0.82278 -0.04466 0.56659
1403638616.777829 2.08902 4.46970 0.38494 -0.00074 0.83124 -0.05491 0.55319
1403638616.827830 2.08152 4.40665 0.36435 -0.00333 0.83465 -0.05907 0.54759
1403638616.877830 2.07446 4.34366 0.34424 -0.00470 0.83701 -0.06174 0.54367
1403638616.977829 2.06518 4.21449 0.31101 0.00051 0.83524 -0.05939 0.54666
1403638617.077830 2.06329 4.08156 0.28752 0.00611 0.83162 -0.05436 0.55265
1403638617.177830 2.06537 3.94616 0.27260 0.01206 0.82877 -0.04743 0.55744
1403638617.277829 2.07231 3.81185 0.26302 0.01367 0.83118 -0.04279 0.55419
1403638617.377830 2.08364 3.67915 0.25957 0.01336 0.83523 -0.03996 0.54829
1403638617.477829 2.10030 3.55017 0.26462 0.01318 0.83801 -0.03683 0.54426
1403638617.627830 2.13743 3.36376 0.28759 0.01370 0.83829 -0.03217 0.54410
1403638617.777829 2.19037 3.18426 0.32880 0.01458 0.83582 -0.02742 0.54812
1403638617.877830 2.23307 3.06930 0.36520 0.01566 0.83588 -0.02413 0.54816
1403638617.977829 2.28092 2.95806 0.40567 0.01369 0.83489 -0.02374 0.54973
1403638618.077830 2.33273 2.85050 0.44181 0.01305 0.83457 -0.02256 0.55028
1403638618.227829 2.41779 2.69283 0.48329 0.01101 0.83479 -0.02170 0.55003
1403638618.377830 2.51002 2.54314 0.51217 0.01103 0.83408 -0.02001 0.55117
1403638618.577830 2.64556 2.35366 0.54092 0.01195 0.83322 -0.01796 0.55252
1403638618.677830 2.71882 2.26411 0.55322 0.01589 0.83311 -0.02109 0.55248
1403638618.777829 2.79610 2.17906 0.56890 0.01853 0.83242 -0.02435 0.55330
1403638618.877830 2.87590 2.09706 0.59025 0.02164 0.83066 -0.02775 0.55566
1403638618.977829 2.95784 2.01772 0.61298 0.02768 0.82654 -0.03675 0.56099
1403638619.027829 3.00011 1.98046 0.62415 0.03268 0.82459 -0.04304 0.56315
1403638619.077830 3.04250 1.94243 0.63299 0.03976 0.82300 -0.05036 0.56440
1403638619.177830 3.12815 1.86584 0.64333 0.05337 0.81945 -0.06929 0.56644
1403638619.227829 3.17096 1.82833 0.64729 0.06060 0.81721 -0.08071 0.56744
1403638619.277829 3.21355 1.79124 0.64885 0.06745 0.81551 -0.09345 0.56715
1403638619.377830 3.29697 1.71947 0.64219 0.08366 0.81101 -0.11798 0.56688
1403638619.427830 3.33804 1.68451 0.63791 0.08945 0.80869 -0.12911 0.56688
1403638619.577830 3.46335 1.58680 0.61972 0.10085 0.80302 -0.15501 0.56653
1403638619.677830 3.54641 1.52373 0.60343 0.09714 0.79949 -0.17146 0.56744
1403638619.977829 3.77707 1.33000 0.54029 0.09455 0.79400 -0.19312 0.56863
1403638620.177830 3.90448 1.18483 0.50359 0.10125 0.78841 -0.19354 0.57506
1403638620.377830 4.00414 1.03094 0.49543 0.10670 0.79039 -0.19019 0.57247
1403638620.677830 4.11863 0.79327 0.50649 0.10448 0.79544 -0.18636 0.56713
1403638621.027829 4.22000 0.50850 0.46849 0.11075 0.80163 -0.17351 0.56127
1403638621.227829 4.27265 0.35179 0.45453 0.11119 0.79896 -0.16814 0.56660
1403638621.777829 4.38804 -0.02601 0.40375 0.11457 0.79291 -0.15745 0.57738
1403638621.977829 4.40761 -0.13303 0.36269 0.11713 0.78692 -0.15499 0.58567
1403638622.377830 4.39407 -0.30118 0.24914 0.11037 0.78774 -0.16107 0.58424
1403638622.777829 4.27612 -0.39438 0.26817 0.12445 0.77294 -0.15527 0.60246
1403638623.227829 4.03786 -0.41627 0.32976 0.11447 0.78372 -0.16601 0.58747
1403638623.377830 3.93038 -0.41039 0.32697 0.11066 0.78817 -0.16908 0.58134
1403638623.677830 3.70049 -0.39528 0.32389 0.11425 0.79047 -0.16796 0.57783
1403638623.977829 3.43909 -0.37386 0.37033 0.11954 0.79379 -0.16847 0.57203
1403638624.577830 2.89473 -0.31241 0.35476 0.11020 0.78449 -0.18362 0.58199
1403638624.827830 2.64502 -0.28478 0.32772 0.11781 0.78971 -0.16739 0.57832
1403638625.177830 2.27990 -0.23308 0.33859 0.09720 0.79741 -0.16101 0.57338
1403638625.577830 1.84164 -0.17890 0.33581 0.09385 0.79839 -0.15751 0.57354
1403638625.777829 1.58702 -0.22346 0.35706 0.09255 0.80445 -0.15834 0.56500
1403638626.027829 1.33298 -0.20511 0.37848 0.09362 0.80840 -0.15964 0.55879
1403638626.377830 1.00764 -0.18887 0.36492 0.10359 0.80587 -0.15467 0.56206
1403638626.777829 0.68849 -0.19424 0.30579 0.10284 0.81284 -0.15387 0.55231
1403638627.027829 0.51488 -0.19523 0.29867 0.10152 0.81655 -0.15357 0.54713
1403638627.777829 0.17224 -0.20968 0.22984 0.10892 0.81039 -0.14768 0.55641
1403638628.177830 0.07699 -0.19536 0.17243 0.11229 0.81342 -0.14853 0.55107
1403638628.577830 0.03481 -0.16050 0.15076 0.09749 0.80414 -0.16108 0.56383
1403638629.377830 -0.03747 -0.12819 0.10189 0.11139 0.80839 -0.15261 0.55750
1403638629.577830 -0.04277 -0.12206 0.10138 0.10626 0.81587 -0.15720 0.54622
1403638629.677830 -0.03795 -0.11883 0.10247 0.09540 0.81372 -0.16553 0.54896
1403638629.777829 -0.03074 -0.11469 0.11323 0.08879 0.80810 -0.17081 0.55670
1403638629.877830 0.02698 -0.09139 0.11600 0.08750 0.80165 -0.17252 0.56563
1403638629.977829 0.04895 -0.10787 0.11598 0.09858 0.79616 -0.16577 0.57352
1403638630.177830 0.05284 -0.11377 0.06906 0.11194 0.79543 -0.15626 0.57476
1403638630.277829 0.04932 -0.11387 0.03436 0.11276 0.80000 -0.15554 0.56841
1403638630.327830 0.04661 -0.11339 0.01521 0.11490 0.80444 -0.15525 0.56175
1403638630.377830 0.04978 -0.11114 0.00846 0.10868 0.81939 -0.15657 0.54063
1403638630.427830 0.05567 -0.11044 0.01288 0.10009 0.81055 -0.16174 0.55391
1403638630.477829 0.06251 -0.11065 0.02161 0.10832 0.80144 -0.15481 0.56745
1403638630.577830 0.07524 -0.11002 0.02558 0.10797 0.80079 -0.15594 0.56812
1403638630.677830 0.08439 -0.10955 0.00555 0.10521 0.81975 -0.15298 0.54179
