1403638527.127830 -0.204505 -0.528319 0.006113 0.062822 0.818448 -0.107454 0.560937
1403638527.227829 -0.221366 -0.573532 0.013699 0.071274 0.816905 -0.122187 0.559157
1403638527.277829 -0.227517 -0.591162 0.017569 0.078263 0.814504 -0.128660 0.560273
1403638527.327830 -0.231864 -0.604477 0.021324 0.086113 0.811656 -0.133715 0.562067
1403638527.427830 -0.235579 -0.616692 0.027083 0.100503 0.806470 -0.140113 0.565574
1403638527.827830 -0.179289 -0.469283 0.037406 0.097446 0.808017 -0.133248 0.565560
1403638527.927830 -0.155148 -0.408899 0.042008 0.083843 0.810753 -0.129591 0.564673
1403638528.027829 -0.129521 -0.348791 0.047633 0.078388 0.810581 -0.123967 0.566962
1403638528.127830 -0.100850 -0.290905 0.049915 0.070254 0.810474 -0.116250 0.569808
1403638528.227829 -0.073903 -0.239256 0.048772 0.059827 0.812492 -0.107143 0.569911
1403638528.327830 -0.038285 -0.200968 0.044606 0.049299 0.814214 -0.097069 0.570265
1403638528.877830 0.129357 -0.142944 0.045380 0.051123 0.812634 -0.115061 0.569012
1403638529.227829 0.084156 -0.101027 0.066490 0.069062 0.815049 -0.112519 0.564150
1403638529.427830 0.020884 -0.051668 0.045739 0.077848 0.826490 -0.104850 0.547595
1403638529.477829 0.009533 -0.040561 0.032856 0.075688 0.832067 -0.104562 0.539447
1403638529.527829 0.001731 -0.032352 0.015353 0.072932 0.837723 -0.103882 0.531140
1403638529.627830 -0.013905 -0.020852 -0.015111 0.072983 0.845330 -0.101052 0.519498
1403638529.827830 -0.027082 -0.003498 -0.067255 0.071996 0.839497 -0.098957 0.529405
1403638529.927830 -0.026136 0.001797 -0.090861 0.072275 0.834535 -0.098744 0.537194
1403638530.077830 -0.013774 0.002473 -0.112549 0.072719 0.835126 -0.099623 0.536052
1403638530.227829 0.004543 -0.000783 -0.132458 0.075026 0.835975 -0.107292 0.532921
1403638530.327830 0.019889 -0.006563 -0.145857 0.076278 0.834774 -0.113280 0.533388
1403638530.427830 0.033609 -0.013159 -0.157864 0.079657 0.833835 -0.117273 0.533499
1403638530.627830 0.049108 -0.024405 -0.172412 0.078730 0.834244 -0.123727 0.531535
1403638530.727829 0.053713 -0.028408 -0.180749 0.078413 0.837830 -0.126181 0.525330
1403638530.827830 0.057576 -0.031654 -0.189063 0.078019 0.839758 -0.126889 0.522130
1403638531.227829 0.061939 -0.030812 -0.199347 0.078591 0.832654 -0.120560 0.534767
1403638538.827830 0.063828 -0.029730 -0.202728 0.074134 0.828851 -0.115197 0.542439
1403638538.927830 0.067386 -0.031007 -0.203798 0.074371 0.826032 -0.114170 0.546905
1403638539.027829 0.072244 -0.032003 -0.203391 0.075968 0.821353 -0.114484 0.553626
1403638539.077830 0.076446 -0.032981 -0.203955 0.076932 0.817746 -0.114981 0.558706
1403638539.127830 0.081479 -0.033971 -0.203409 0.076503 0.814663 -0.115420 0.563161
1403638539.227829 0.090588 -0.035282 -0.193976 0.076813 0.809937 -0.114423 0.570096
1403638539.327830 0.101436 -0.036201 -0.178388 0.076400 0.809072 -0.114148 0.571434
1403638539.427830 0.111667 -0.038840 -0.154793 0.076088 0.810755 -0.113191 0.569275
1403638539.927830 0.160048 -0.048617 -0.050226 0.071770 0.819859 -0.108727 0.557546
1403638540.077830 0.186262 -0.054965 -0.040536 0.069655 0.828247 -0.109287 0.545170
1403638540.427830 0.302149 -0.071034 -0.017559 0.070478 0.820735 -0.102764 0.557555
1403638540.527829 0.348275 -0.088733 -0.012776 0.065207 0.820875 -0.094200 0.559498
1403638540.627830 0.387434 -0.086418 -0.001867 0.056563 0.822046 -0.080339 0.560880
1403638540.727829 0.435211 -0.091652 0.002687 0.049608 0.822714 -0.058891 0.563217
1403638540.827830 0.484163 -0.092138 0.008092 0.040806 0.823886 -0.032585 0.564345
1403638540.927830 0.533619 -0.089592 0.012033 0.029124 0.824813 -0.004497 0.564638
1403638541.027829 0.583952 -0.081372 0.013967 0.014196 0.824594 0.018131 0.565256
1403638541.077830 0.609097 -0.077118 0.013887 0.007444 0.823984 0.027171 0.565912
1403638541.227829 0.688498 -0.057347 0.007119 -0.005801 0.823141 0.045615 0.565972
1403638541.427830 0.797647 -0.019423 0.007114 -0.012542 0.823047 0.052852 0.565370
1403638541.627830 0.909482 0.038507 0.031224 -0.012356 0.820526 0.056151 0.568711
1403638541.727829 0.966689 0.076741 0.054679 -0.019519 0.818993 0.060599 0.570261
1403638541.827830 1.022532 0.120344 0.084175 -0.031946 0.818361 0.067081 0.569881
1403638541.927830 1.076140 0.167425 0.114900 -0.043946 0.817996 0.078692 0.568118
1403638542.027829 1.128344 0.216645 0.139964 -0.057313 0.817247 0.094395 0.565608
1403638542.127830 1.178374 0.266656 0.160511 -0.071104 0.815554 0.113727 0.562922
1403638542.227829 1.228463 0.318470 0.174067 -0.087450 0.813004 0.134875 0.559629
1403638542.277829 1.252592 0.344570 0.179611 -0.094680 0.811515 0.147072 0.557538
1403638542.327830 1.276879 0.371115 0.184303 -0.102301 0.809360 0.158742 0.556121
1403638542.427830 1.327504 0.424782 0.190831 -0.112164 0.799478 0.180005 0.562007
1403638542.477829 1.351889 0.451778 0.193996 -0.113896 0.792826 0.190331 0.567653
1403638542.527829 1.375792 0.478802 0.196079 -0.112444 0.787247 0.200195 0.572293
1403638542.627830 1.420410 0.536312 0.199571 -0.109610 0.779832 0.215463 0.577428
1403638542.727829 1.459754 0.598396 0.208780 -0.114095 0.780433 0.219879 0.574073
1403638542.827830 1.491071 0.665730 0.224770 -0.124135 0.784702 0.216803 0.567300
1403638543.027829 1.538611 0.806267 0.274011 -0.134443 0.793666 0.210301 0.554791
1403638543.327830 1.604286 1.026097 0.334083 -0.136427 0.796885 0.203241 0.552318
1403638543.477829 1.639628 1.140115 0.349052 -0.138969 0.796417 0.207791 0.550664
1403638543.627830 1.672107 1.256717 0.353616 -0.147219 0.792148 0.227963 0.546681
1403638543.677830 1.684020 1.297782 0.356236 -0.151707 0.789494 0.237280 0.545328
1403638543.727829 1.696787 1.340326 0.359881 -0.156751 0.786563 0.247840 0.543436
1403638543.827830 1.719106 1.424700 0.368493 -0.166778 0.778252 0.271557 0.541079
1403638543.877830 1.731004 1.467922 0.377155 -0.174040 0.774128 0.282235 0.539239
1403638543.927830 1.742687 1.511337 0.387613 -0.181407 0.770144 0.292801 0.536878
1403638544.027829 1.764147 1.599339 0.410372 -0.196420 0.764571 0.307586 0.531265
1403638544.077830 1.774691 1.643207 0.422972 -0.203841 0.763419 0.312593 0.527187
1403638544.227829 1.809512 1.776900 0.454852 -0.218199 0.759110 0.321638 0.522197
1403638544.427830 1.860306 1.953562 0.475257 -0.223906 0.758275 0.326146 0.518183
1403638544.627830 1.920078 2.130637 0.491046 -0.226861 0.752260 0.326026 0.525687
1403638544.727829 1.950669 2.218674 0.508454 -0.230066 0.747856 0.326417 0.530314
1403638544.927830 2.007520 2.388821 0.536889 -0.228391 0.752816 0.329606 0.521983
1403638545.127830 2.064894 2.556846 0.545193 -0.230436 0.751324 0.330085 0.522930
1403638545.427830 2.152927 2.808195 0.514852 -0.231282 0.748797 0.331479 0.525293
1403638545.627830 2.207834 2.978705 0.491951 -0.241673 0.744847 0.344074 0.518083
1403638545.677830 2.220624 3.020729 0.490910 -0.245917 0.741996 0.350886 0.515602
1403638545.727829 2.233636 3.062726 0.491766 -0.250262 0.739553 0.358611 0.511692
1403638545.877830 2.274029 3.189591 0.502476 -0.266566 0.725869 0.387990 0.501518
1403638545.927830 2.287457 3.232465 0.510482 -0.271595 0.720075 0.399664 0.497993
1403638546.027829 2.311333 3.316428 0.528287 -0.280540 0.709186 0.421014 0.491019
1403638546.077830 2.325445 3.360234 0.538600 -0.283776 0.703998 0.430375 0.488503
1403638546.227829 2.366103 3.491751 0.557032 -0.294681 0.693817 0.447627 0.481052
1403638546.327830 2.393459 3.582637 0.560768 -0.301002 0.690976 0.452630 0.476525
1403638546.477829 2.434858 3.722526 0.555271 -0.306605 0.690261 0.454731 0.471967
1403638546.627830 2.474826 3.866296 0.549159 -0.309353 0.686512 0.460921 0.469633
1403638546.727829 2.501094 3.965726 0.553900 -0.313082 0.682098 0.467000 0.467583
1403638546.877830 2.540645 4.122445 0.579790 -0.314179 0.676902 0.475102 0.466233
1403638547.127830 2.601599 4.393189 0.610149 -0.308190 0.670683 0.485184 0.468827
1403638547.427830 2.648241 4.735293 0.604370 -0.309770 0.672063 0.483799 0.467239
1403638547.677830 2.662853 5.028381 0.568618 -0.316440 0.677851 0.475836 0.462562
1403638548.027829 2.666356 5.449832 0.487329 -0.311649 0.675050 0.479557 0.466056
1403638548.127830 2.658620 5.573177 0.474834 -0.315316 0.672569 0.483633 0.462954
1403638548.227829 2.652707 5.704960 0.471609 -0.321651 0.667803 0.490679 0.458054
1403638548.427830 2.631482 5.966724 0.490078 -0.337452 0.651799 0.514111 0.443818
1403638548.527829 2.620558 6.103258 0.507423 -0.345735 0.643886 0.523400 0.438099
1403638548.627830 2.610723 6.239024 0.519439 -0.351218 0.637136 0.530982 0.434467
1403638548.727829 2.600975 6.372781 0.529787 -0.355334 0.632843 0.535979 0.431247
1403638548.877830 2.587390 6.579193 0.547466 -0.358479 0.629211 0.540544 0.428252
1403638549.077830 2.568769 6.858217 0.594822 -0.360724 0.627859 0.542111 0.426366
1403638549.227829 2.553202 7.063103 0.644822 -0.362214 0.628112 0.540927 0.426232
1403638549.427830 2.533841 7.343838 0.726775 -0.366486 0.630170 0.536504 0.425132
1403638549.627830 2.516953 7.621122 0.796893 -0.369423 0.630242 0.533290 0.426525
1403638549.827830 2.505900 7.899949 0.856710 -0.368585 0.631123 0.532915 0.426415
1403638550.027829 2.500928 8.185565 0.945009 -0.367546 0.632821 0.533079 0.424587
1403638550.227829 2.502581 8.479172 1.064599 -0.368709 0.633439 0.533404 0.422242
1403638550.427830 2.509322 8.779040 1.200831 -0.370166 0.632045 0.533503 0.422930
1403638550.627830 2.522965 9.075165 1.311261 -0.377400 0.632225 0.528919 0.422025
1403638550.727829 2.533681 9.220752 1.358952 -0.381580 0.630787 0.526096 0.423942
1403638550.827830 2.547774 9.364407 1.401751 -0.384779 0.628330 0.523536 0.427852
1403638551.027829 2.585782 9.637033 1.470914 -0.395538 0.620068 0.515498 0.439689
1403638551.227829 2.632412 9.882061 1.537463 -0.402611 0.619261 0.511166 0.439464
1403638551.427830 2.697394 10.101326 1.619065 -0.394400 0.633586 0.502716 0.436226
1403638551.527829 2.739825 10.208538 1.655500 -0.387086 0.647314 0.489010 0.438199
1403638551.627830 2.787313 10.303220 1.686639 -0.380845 0.662419 0.469992 0.441888
1403638551.677830 2.813668 10.350806 1.700864 -0.377080 0.669841 0.460241 0.444187
1403638551.827830 2.906250 10.483852 1.735004 -0.362370 0.688429 0.431785 0.456416
1403638551.877830 2.939924 10.525821 1.745683 -0.356684 0.692345 0.424712 0.461578
1403638552.027829 3.050909 10.634970 1.784878 -0.338070 0.695679 0.414069 0.479881
1403638552.127830 3.127546 10.695410 1.818557 -0.330017 0.698357 0.410002 0.485062
1403638552.277829 3.248367 10.774354 1.876755 -0.323914 0.704905 0.407012 0.482214
1403638552.427830 3.375096 10.840320 1.933414 -0.329200 0.703682 0.401409 0.485107
1403638552.527829 3.461237 10.872778 1.964722 -0.335781 0.699769 0.396959 0.489897
1403638552.627830 3.550787 10.900352 1.990705 -0.338999 0.696172 0.395771 0.493751
1403638552.877830 3.783821 10.924761 2.028040 -0.335961 0.693847 0.403465 0.492872
1403638553.027829 3.930089 10.919266 2.035902 -0.328907 0.691406 0.412928 0.493222
1403638553.227829 4.124791 10.890359 2.034800 -0.337264 0.683153 0.412284 0.499577
1403638553.327830 4.221024 10.866210 2.036892 -0.341734 0.677175 0.411237 0.505505
1403638553.427830 4.315008 10.831639 2.043960 -0.339237 0.672075 0.414444 0.511341
1403638553.527829 4.406067 10.787296 2.056594 -0.335739 0.667780 0.418166 0.516223
1403638553.677830 4.536134 10.698501 2.083670 -0.331792 0.664869 0.422156 0.519275
1403638553.827830 4.656102 10.588343 2.127531 -0.329072 0.666277 0.424917 0.516945
1403638554.027829 4.791537 10.414841 2.195339 -0.327924 0.672755 0.425591 0.508664
1403638554.227829 4.914606 10.219390 2.245244 -0.317952 0.680098 0.433056 0.498834
1403638554.327830 4.978548 10.124702 2.262164 -0.311572 0.684930 0.438363 0.491561
1403638554.477829 5.073407 9.984514 2.287850 -0.306945 0.688039 0.442525 0.486374
1403638554.727829 5.206770 9.750821 2.314095 -0.315892 0.690516 0.437543 0.481618
1403638555.027829 5.375477 9.479481 2.375948 -0.324284 0.692679 0.428050 0.481467
1403638555.127830 5.430388 9.398115 2.386228 -0.317906 0.696999 0.422956 0.483979
1403638555.227829 5.489738 9.302791 2.390106 -0.311738 0.703294 0.414266 0.486397
1403638555.327830 5.554813 9.216037 2.394568 -0.305700 0.708106 0.407188 0.489214
1403638555.427830 5.608763 9.122825 2.390766 -0.297622 0.710139 0.404100 0.493789
1403638555.527829 5.671063 9.030854 2.386080 -0.294579 0.712010 0.400415 0.495916
1403638555.627830 5.721325 8.937984 2.383870 -0.292139 0.712976 0.398857 0.497226
1403638555.827830 5.852180 8.748645 2.400172 -0.291050 0.714793 0.398648 0.495420
1403638556.027829 5.972229 8.565472 2.444684 -0.288586 0.713547 0.401678 0.496209
1403638556.227829 6.099408 8.387791 2.486974 -0.285877 0.720260 0.403664 0.486370
1403638556.427830 6.228728 8.228000 2.511590 -0.284251 0.724968 0.404729 0.479392
1403638556.527829 6.298839 8.151881 2.521878 -0.281748 0.728609 0.405803 0.474417
1403638556.727829 6.446275 8.021747 2.547641 -0.293601 0.730698 0.395876 0.472399
1403638556.827830 6.527122 7.966819 2.569116 -0.299467 0.727652 0.391625 0.476940
1403638556.927830 6.607070 7.911585 2.598278 -0.303935 0.726207 0.388289 0.479040
1403638557.077830 6.746891 7.822048 2.635601 -0.303934 0.724198 0.388900 0.481579
1403638557.227829 6.884485 7.728500 2.657481 -0.301337 0.722051 0.391352 0.484440
1403638557.327830 6.993611 7.671284 2.667572 -0.300145 0.721279 0.392679 0.485256
1403638557.527829 7.207568 7.542576 2.685940 -0.290660 0.716965 0.400351 0.491119
1403638557.627830 7.312577 7.482224 2.704830 -0.287164 0.714907 0.402984 0.494013
1403638557.727829 7.419036 7.429873 2.724475 -0.285953 0.714340 0.403811 0.494860
1403638557.927830 7.630831 7.313837 2.758266 -0.281206 0.714494 0.406349 0.495280
1403638558.127830 7.835692 7.204090 2.766323 -0.278283 0.722390 0.407811 0.484151
1403638558.227829 7.938649 7.155899 2.769822 -0.275933 0.728710 0.408733 0.475162
1403638558.327830 8.042096 7.113647 2.779871 -0.271881 0.730592 0.410946 0.472694
1403638558.527829 8.257420 7.047706 2.830184 -0.262884 0.736509 0.415724 0.464349
1403638558.627830 8.371659 7.026711 2.866355 -0.267894 0.737463 0.411762 0.463501
1403638558.827830 8.610925 7.006716 2.940755 -0.283685 0.736694 0.399658 0.465916
1403638558.927830 8.734850 7.005572 2.965554 -0.284089 0.733528 0.399232 0.471003
1403638559.127830 8.992008 7.005732 3.005752 -0.284883 0.724565 0.399447 0.484035
1403638559.327830 9.252303 7.017903 3.011586 -0.281600 0.719170 0.403429 0.490654
1403638559.527829 9.504213 7.034878 2.998169 -0.275645 0.715003 0.408858 0.495606
1403638559.677830 9.687464 7.053355 2.976042 -0.275956 0.712901 0.409954 0.497552
1403638559.827830 9.864144 7.077937 2.959562 -0.277574 0.713005 0.410328 0.496193
1403638559.927830 9.977021 7.095789 2.954505 -0.277795 0.713910 0.407807 0.496845
1403638560.077830 10.146520 7.126526 2.938366 -0.270964 0.723030 0.390693 0.501164
1403638560.227829 10.314116 7.156368 2.908082 -0.254520 0.736648 0.361525 0.511732
1403638560.277829 10.371704 7.166978 2.897707 -0.247986 0.741085 0.350398 0.516254
1403638560.327830 10.425342 7.177470 2.885423 -0.241924 0.744268 0.338202 0.522644
1403638560.427830 10.532690 7.195075 2.858788 -0.229259 0.750783 0.313089 0.534546
1403638560.477829 10.584501 7.202911 2.843758 -0.222639 0.753784 0.300142 0.540515
1403638560.527829 10.633670 7.210695 2.827393 -0.215996 0.757233 0.287068 0.545468
1403638560.627830 10.730795 7.222951 2.791098 -0.205330 0.765745 0.258476 0.551964
1403638560.677830 10.775896 7.227746 2.771421 -0.200744 0.770018 0.244133 0.554232
1403638560.727829 10.819555 7.231708 2.752382 -0.197816 0.774152 0.230271 0.555458
1403638560.827830 10.907760 7.232845 2.721388 -0.186986 0.780022 0.206751 0.560228
1403638560.877830 10.949025 7.231200 2.707993 -0.182157 0.782177 0.194831 0.563079
1403638560.927830 10.990631 7.228521 2.696373 -0.176205 0.784235 0.183681 0.565852
1403638561.027829 11.074279 7.216152 2.680903 -0.162519 0.785409 0.163682 0.574394
1403638561.077830 11.113915 7.207788 2.675994 -0.156569 0.786456 0.153554 0.577403
1403638561.127830 11.151649 7.197134 2.672642 -0.150292 0.786564 0.144206 0.581321
1403638561.227829 11.224111 7.168529 2.670497 -0.140602 0.786609 0.128487 0.587340
1403638561.327830 11.290018 7.133690 2.674927 -0.134045 0.787481 0.118341 0.589831
1403638561.427830 11.350707 7.091793 2.679326 -0.122286 0.793592 0.118206 0.584197
1403638561.527829 11.406728 7.045801 2.677776 -0.110023 0.798429 0.122768 0.579080
1403638561.677830 11.483846 6.972002 2.662979 -0.102512 0.802006 0.127417 0.574494
1403638561.927830 11.597021 6.846668 2.610474 -0.096322 0.801891 0.129486 0.575262
1403638562.027829 11.636662 6.785992 2.588893 -0.090779 0.802774 0.121940 0.576580
1403638562.127830 11.670847 6.736457 2.567488 -0.083193 0.804081 0.111999 0.577917
1403638562.227829 11.701796 6.683477 2.553195 -0.076025 0.804836 0.103693 0.579402
1403638562.327830 11.732075 6.631728 2.545208 -0.069899 0.805311 0.093837 0.581191
1403638562.427830 11.757544 6.579597 2.541256 -0.062762 0.805752 0.079934 0.583468
1403638562.527829 11.782048 6.528035 2.543054 -0.053704 0.807486 0.061960 0.584160
1403638562.627830 11.805356 6.475403 2.551053 -0.044876 0.807961 0.039458 0.586198
1403638562.727829 11.826403 6.420680 2.562015 -0.035955 0.808708 0.014502 0.586931
1403638562.827830 11.843488 6.363392 2.571459 -0.024644 0.808643 -0.011018 0.587680
1403638562.877830 11.847684 6.335471 2.574654 -0.018300 0.808544 -0.023472 0.587683
1403638562.927830 11.849416 6.307099 2.576913 -0.010778 0.808282 -0.035119 0.587649
1403638563.027829 11.855694 6.244651 2.576253 0.001335 0.806861 -0.057876 0.587898
1403638563.077830 11.854884 6.213679 2.574055 0.005067 0.806114 -0.070015 0.587581
1403638563.127830 11.852418 6.181683 2.570483 0.008409 0.805447 -0.081989 0.586909
1403638563.227829 11.850248 6.110838 2.560466 0.021677 0.802649 -0.097490 0.588030
1403638563.277829 11.843441 6.076631 2.554467 0.028197 0.800744 -0.102820 0.589442
1403638563.427830 11.826874 5.958599 2.526962 0.036427 0.788130 -0.115474 0.603481
1403638563.527829 11.804632 5.879140 2.503843 0.040277 0.785778 -0.117969 0.605817
1403638563.627830 11.774408 5.794849 2.483912 0.043589 0.788555 -0.117232 0.602111
1403638563.827830 11.690669 5.613478 2.464625 0.037050 0.792793 -0.118061 0.596799
1403638564.127830 11.517024 5.305691 2.471615 0.026671 0.792172 -0.111125 0.599502
1403638564.327830 11.369296 5.075846 2.463163 0.028372 0.791240 -0.099036 0.602766
1403638564.477829 11.242131 4.893434 2.469772 0.027664 0.789310 -0.093135 0.606259
1403638564.627830 11.094752 4.711289 2.489097 0.022595 0.791888 -0.093599 0.603028
1403638564.827830 10.874161 4.454459 2.497008 0.014653 0.793069 -0.099935 0.600700
1403638564.927830 10.753745 4.323278 2.487859 0.012597 0.792064 -0.102352 0.601664
1403638565.027829 10.627137 4.187091 2.460747 0.011373 0.791965 -0.103366 0.601646
1403638565.127830 10.498033 4.044092 2.418013 0.010400 0.792595 -0.104014 0.600722
1403638565.227829 10.365629 3.894847 2.363546 0.010713 0.793465 -0.103633 0.599632
1403638565.327830 10.229763 3.739542 2.304364 0.012916 0.794439 -0.102795 0.598442
1403638565.427830 10.089433 3.582852 2.241656 0.015198 0.795410 -0.101614 0.597300
1403638565.527829 9.946007 3.420879 2.182366 0.020918 0.793500 -0.099865 0.599956
1403638565.627830 9.797342 3.253990 2.130927 0.029558 0.792185 -0.096308 0.601909
1403638565.727829 9.651411 3.090654 2.090514 0.041648 0.793744 -0.090126 0.600095
1403638565.827830 9.489633 2.923691 2.049742 0.047629 0.796896 -0.087848 0.595795
1403638565.927830 9.329107 2.763478 2.018942 0.053430 0.799422 -0.086108 0.592161
1403638566.027829 9.163413 2.606273 1.987876 0.054071 0.800520 -0.087198 0.590458
1403638566.127830 9.001053 2.453148 1.946588 0.054444 0.800714 -0.087714 0.590085
1403638566.227829 8.834928 2.303119 1.896448 0.054829 0.800433 -0.087577 0.590449
1403638566.327830 8.672107 2.157372 1.838503 0.054092 0.801502 -0.087653 0.589055
1403638566.477829 8.425615 1.944989 1.741759 0.051310 0.801824 -0.087201 0.588932
1403638566.627830 8.182573 1.739395 1.630993 0.049065 0.808474 -0.085216 0.580259
1403638566.677830 8.101005 1.673813 1.588725 0.048756 0.814485 -0.084360 0.571945
1403638566.727829 8.024548 1.607716 1.542095 0.046755 0.820892 -0.085042 0.562777
1403638566.827830 7.872135 1.483383 1.458494 0.046202 0.830747 -0.082592 0.548546
1403638566.877830 7.799826 1.417808 1.413693 0.044644 0.834437 -0.082512 0.543059
1403638566.927830 7.727073 1.356208 1.364609 0.045203 0.837159 -0.080384 0.539129
1403638567.027829 7.589622 1.228273 1.276090 0.044036 0.837037 -0.079067 0.539610
1403638567.127830 7.460655 1.103344 1.187879 0.047064 0.824624 -0.075731 0.558610
1403638567.227829 7.338502 0.983534 1.096982 0.049855 0.813429 -0.073429 0.574853
1403638567.327830 7.216195 0.864375 0.997235 0.053553 0.807873 -0.071779 0.582513
1403638567.427830 7.093439 0.748444 0.898479 0.055851 0.807367 -0.071985 0.582973
1403638567.527829 6.968477 0.638042 0.805349 0.057320 0.809814 -0.073262 0.579265
1403638567.627830 6.844216 0.527471 0.722575 0.059069 0.813568 -0.074608 0.573630
1403638567.727829 6.720336 0.431422 0.642569 0.061396 0.816670 -0.075441 0.568849
1403638567.827830 6.603837 0.331180 0.578245 0.062996 0.820619 -0.076148 0.562866
1403638567.927830 6.494518 0.239496 0.519120 0.060597 0.821955 -0.078905 0.560795
1403638568.027829 6.391129 0.150885 0.466110 0.061776 0.822596 -0.079111 0.559698
1403638568.227829 6.210678 -0.012158 0.394029 0.066904 0.821292 -0.076561 0.561375
1403638568.427830 6.045738 -0.157989 0.334873 0.067782 0.822700 -0.077137 0.559124
1403638568.627830 5.899997 -0.285921 0.263949 0.068942 0.825170 -0.076457 0.555424
1403638568.827830 5.769602 -0.397337 0.193133 0.068548 0.826516 -0.075986 0.553532
1403638569.027829 5.660099 -0.490326 0.152091 0.069723 0.825636 -0.075349 0.554786
1403638569.227829 5.566710 -0.570096 0.137354 0.073105 0.827372 -0.073378 0.552021
1403638569.527829 5.472028 -0.658499 0.095088 0.075319 0.825984 -0.072255 0.553947
1403638570.277829 5.430510 -0.672197 0.050621 0.061367 0.819187 -0.080636 0.564504
1403638570.477829 5.444702 -0.647567 0.020564 0.050738 0.817014 -0.103454 0.564988
1403638570.627830 5.447133 -0.643874 -0.020490 0.042850 0.809715 -0.145021 0.567005
1403638570.727829 5.451042 -0.647871 -0.052998 0.048821 0.800056 -0.172148 0.572618
1403638570.927830 5.442778 -0.695091 -0.127873 0.073485 0.774694 -0.220523 0.588063
1403638571.077830 5.411737 -0.750110 -0.191320 0.098078 0.766170 -0.249521 0.584041
1403638571.127830 5.393891 -0.773031 -0.213692 0.108192 0.766704 -0.257044 0.578262
1403638571.227829 5.353860 -0.823770 -0.250850 0.128924 0.768589 -0.265861 0.567422
1403638571.277829 5.330920 -0.853978 -0.264318 0.138516 0.768733 -0.268632 0.563649
1403638571.327830 5.305144 -0.878181 -0.280159 0.146732 0.768701 -0.270721 0.560606
1403638571.427830 5.254512 -0.940048 -0.296063 0.154378 0.766188 -0.276565 0.559138
1403638571.527829 5.198356 -1.002062 -0.306369 0.160353 0.762936 -0.279685 0.560349
1403638571.627830 5.137386 -1.066360 -0.318274 0.166745 0.761191 -0.286481 0.557416
1403638571.727829 5.072360 -1.133046 -0.334678 0.173170 0.760364 -0.298149 0.550424
1403638571.877830 4.969198 -1.238290 -0.368270 0.184017 0.755337 -0.322729 0.539861
1403638572.027829 4.859075 -1.351081 -0.395722 0.196388 0.744124 -0.351300 0.533198
1403638572.127830 4.779565 -1.431117 -0.402491 0.207035 0.735571 -0.368745 0.529244
1403638572.227829 4.694969 -1.513560 -0.404300 0.223129 0.729052 -0.383142 0.521440
1403638572.277829 4.650249 -1.557906 -0.403395 0.229342 0.726493 -0.391702 0.515926
1403638572.327830 4.608271 -1.597642 -0.403690 0.235650 0.723596 -0.400646 0.510256
1403638572.427830 4.519565 -1.688278 -0.407855 0.248559 0.717670 -0.417022 0.499260
1403638572.477829 4.476673 -1.734381 -0.409537 0.255271 0.715542 -0.422450 0.494341
1403638572.527829 4.433811 -1.781427 -0.412410 0.260571 0.713524 -0.427404 0.490216
1403638572.627830 4.348443 -1.877121 -0.418951 0.268810 0.709841 -0.433767 0.485502
1403638572.727829 4.265193 -1.977911 -0.419722 0.275520 0.709373 -0.436326 0.480102
1403638572.827830 4.183911 -2.082379 -0.411783 0.280914 0.711562 -0.435604 0.474359
1403638572.927830 4.104989 -2.191777 -0.397479 0.281965 0.713522 -0.435046 0.471293
1403638573.027829 4.031193 -2.303467 -0.381963 0.282109 0.716077 -0.434026 0.468263
1403638573.227829 3.897670 -2.536428 -0.366605 0.279234 0.719448 -0.430860 0.467742
1403638573.427830 3.781015 -2.782222 -0.352922 0.278658 0.721658 -0.429322 0.466092
1403638573.527829 3.727362 -2.911779 -0.339476 0.281536 0.721471 -0.429323 0.464650
1403638573.627830 3.679683 -3.044847 -0.316735 0.282740 0.721092 -0.429707 0.464151
1403638573.727829 3.637677 -3.178319 -0.288678 0.286935 0.720296 -0.431610 0.461037
1403638573.827830 3.601079 -3.315866 -0.258047 0.297889 0.712927 -0.435235 0.462134
1403638573.877830 3.584985 -3.384676 -0.244525 0.305290 0.707091 -0.438186 0.463481
1403638573.927830 3.569957 -3.453816 -0.232165 0.312352 0.699890 -0.443154 0.464978
1403638574.027829 3.542861 -3.589425 -0.211683 0.320638 0.680441 -0.460212 0.471589
1403638574.077830 3.530065 -3.656241 -0.204121 0.323465 0.669202 -0.470975 0.475102
1403638574.127830 3.517179 -3.723015 -0.197933 0.326833 0.657441 -0.481781 0.478370
1403638574.227829 3.492497 -3.851348 -0.188714 0.334497 0.634749 -0.504170 0.480644
1403638574.277829 3.478979 -3.912886 -0.185716 0.339192 0.625431 -0.514785 0.478311
1403638574.327830 3.462299 -3.975130 -0.184031 0.345003 0.617643 -0.524535 0.473660
1403638574.427830 3.426684 -4.095723 -0.182381 0.358179 0.604550 -0.542232 0.460664
1403638574.477829 3.407548 -4.155002 -0.183201 0.363872 0.598135 -0.551232 0.453844
1403638574.527829 3.386527 -4.214075 -0.183324 0.369209 0.592182 -0.558634 0.448256
1403638574.627830 3.340607 -4.329039 -0.176569 0.379387 0.581970 -0.568601 0.440533
1403638574.677830 3.317381 -4.386504 -0.171468 0.385143 0.579838 -0.571366 0.434735
1403638574.727829 3.294056 -4.443474 -0.165233 0.391057 0.578661 -0.572651 0.429299
1403638574.827830 3.245513 -4.553060 -0.146463 0.396878 0.580599 -0.575585 0.417245
1403638574.927830 3.198432 -4.659988 -0.131931 0.395043 0.582540 -0.580367 0.409587
1403638575.077830 3.127605 -4.818138 -0.118800 -0.386800 -0.581961 0.586806 -0.409103
1403638575.227829 3.054276 -4.976537 -0.116471 -0.379793 -0.578159 0.590235 -0.416067
1403638575.427830 2.943073 -5.192763 -0.128424 -0.372475 -0.583985 0.590699 -0.413883
1403638575.627830 2.821809 -5.417220 -0.146085 0.372595 0.595958 -0.584739 0.405077
1403638575.727829 2.757256 -5.536851 -0.145531 0.374604 0.602541 -0.580554 0.399466
1403638575.827830 2.693978 -5.659105 -0.137200 0.374982 0.608598 -0.578340 0.393090
1403638576.027829 2.579720 -5.917081 -0.089569 0.374300 0.610981 -0.576132 0.393286
1403638576.127830 2.526325 -6.052824 -0.054514 0.375183 0.610725 -0.575454 0.393834
1403638576.227829 2.475650 -6.192907 -0.017785 0.377766 0.609910 -0.573744 0.395121
1403638576.327830 2.425923 -6.342262 0.013264 0.382434 0.611119 -0.570696 0.393172
1403638576.427830 2.381582 -6.490704 0.038222 0.385646 0.613303 -0.568749 0.389437
1403638576.527829 2.341124 -6.647261 0.056276 0.390584 0.617333 -0.565334 0.383070
1403638576.627830 2.308156 -6.802898 0.071525 0.393899 0.620241 -0.563199 0.378089
1403638576.727829 2.282547 -6.967001 0.080884 0.397203 0.619708 -0.560682 0.379247
1403638576.827830 2.264672 -7.131974 0.087817 0.402478 0.615895 -0.556974 0.385313
1403638576.927830 2.254363 -7.298065 0.088313 0.403140 0.610278 -0.556848 0.393649
1403638577.027829 2.251521 -7.461544 0.085626 0.399591 0.605312 -0.559524 0.401071
1403638577.227829 2.258493 -7.781608 0.096433 0.394609 0.599711 -0.563661 0.408554
1403638577.427830 2.278153 -8.099529 0.136518 0.403909 0.607246 -0.556454 0.398081
1403638577.627830 2.318178 -8.413647 0.181446 0.401541 0.606909 -0.557878 0.398997
1403638577.827830 2.375706 -8.720558 0.200327 0.396893 0.606268 -0.560470 0.400985
1403638578.027829 2.448704 -9.026012 0.205428 0.397824 0.606871 -0.558360 0.402091
1403638578.227829 2.537617 -9.330114 0.234716 0.388120 0.599863 -0.563796 0.414320
1403638578.427830 2.627074 -9.634774 0.271110 0.382324 0.595584 -0.567993 0.420109
1403638578.627830 2.708548 -9.927484 0.285193 0.383589 0.594082 -0.568349 0.420602
1403638578.827830 2.782723 -10.205697 0.282921 0.392237 0.599646 -0.562744 0.412181
1403638579.027829 2.863233 -10.476406 0.278151 0.398108 0.602248 -0.558017 0.409176
1403638579.227829 2.956617 -10.745347 0.303678 0.398490 0.602498 -0.556833 0.410047
1403638579.427830 3.058531 -11.007327 0.343455 0.388425 0.595837 -0.563350 0.420407
1403638579.527829 3.107648 -11.126294 0.358041 0.383903 0.592473 -0.565435 0.426471
1403638579.627830 3.155490 -11.248131 0.368978 0.386521 0.590688 -0.557203 0.437281
1403638579.677830 3.179320 -11.308346 0.372125 0.387681 0.592681 -0.550238 0.442347
1403638579.727829 3.202731 -11.368501 0.373107 0.388348 0.597527 -0.541495 0.446016
1403638579.827830 3.251306 -11.488030 0.369693 0.382191 0.614223 -0.522604 0.451161
1403638579.877830 3.274779 -11.543434 0.365930 0.376052 0.625681 -0.512093 0.452624
1403638579.927830 3.298072 -11.594897 0.360824 0.368145 0.636515 -0.500947 0.456475
1403638580.027829 3.348564 -11.701728 0.348735 0.352795 0.656038 -0.472455 0.471101
1403638580.077830 3.372428 -11.751115 0.341622 0.346099 0.664009 -0.454825 0.482122
1403638580.127830 3.397159 -11.799653 0.333608 0.337448 0.671598 -0.436976 0.494103
1403638580.227829 3.447832 -11.888727 0.313905 0.315224 0.689912 -0.401467 0.513302
1403638580.277829 3.471339 -11.929125 0.301025 0.301784 0.699789 -0.385205 0.520422
1403638580.327830 3.494120 -11.967557 0.286952 0.286960 0.709588 -0.371146 0.525728
1403638580.427830 3.538227 -12.039321 0.257123 0.257294 0.724645 -0.351678 0.533866
1403638580.477829 3.557355 -12.072640 0.240565 0.246070 0.730259 -0.344199 0.536375
1403638580.527829 3.575646 -12.105113 0.223643 0.236453 0.734186 -0.337928 0.539319
1403638580.627830 3.610010 -12.165689 0.189158 0.220519 0.743341 -0.324764 0.541612
1403638580.677830 3.623904 -12.191471 0.171922 0.213424 0.749330 -0.317291 0.540631
1403638580.827830 3.667430 -12.276707 0.134472 0.199577 0.764208 -0.297624 0.536260
1403638581.027829 3.718945 -12.388604 0.118082 0.191303 0.770294 -0.287977 0.535836
1403638581.277829 3.779144 -12.521721 0.140682 0.197477 0.770898 -0.285536 0.534030
1403638581.427830 3.815399 -12.585673 0.164622 0.202600 0.768629 -0.287413 0.534376
1403638581.627830 3.863946 -12.660259 0.209563 0.209547 0.764652 -0.290824 0.535555
1403638581.727829 3.885431 -12.678070 0.237159 0.214877 0.759888 -0.290571 0.540339
1403638581.877830 3.921088 -12.715997 0.255677 0.218465 0.755634 -0.291698 0.544245
1403638582.027829 3.956169 -12.753600 0.263703 0.223146 0.747983 -0.289926 0.553778
1403638582.127830 3.978490 -12.776435 0.269978 0.220429 0.754128 -0.292644 0.545034
1403638582.627830 4.093977 -12.846538 0.461899 0.223004 0.755118 -0.290289 0.543874
1403638583.227829 4.235555 -12.811276 0.828239 0.217673 0.765557 -0.298284 0.526846
1403638583.677830 4.372753 -12.740449 1.009334 0.219540 0.766441 -0.297000 0.525511
1403638584.027829 4.505615 -12.660580 1.145934 0.221075 0.764673 -0.295534 0.528262
1403638584.127830 4.543202 -12.627394 1.163349 0.226230 0.757976 -0.291603 0.537829
1403638584.227829 4.574992 -12.586779 1.174679 0.231505 0.748575 -0.287066 0.551030
1403638584.327830 4.599934 -12.536894 1.172440 0.233489 0.742804 -0.285204 0.558913
1403638584.627830 4.670128 -12.369086 1.177673 0.232370 0.742599 -0.285034 0.559738
1403638584.827830 4.693580 -12.223652 1.196793 0.224390 0.754010 -0.290095 0.544943
1403638584.927830 4.696726 -12.141837 1.192544 0.218538 0.759817 -0.294509 0.536827
1403638585.127830 4.709239 -11.985047 1.187308 0.215037 0.762599 -0.297103 0.532853
1403638585.327830 4.726958 -11.830831 1.174240 0.216282 0.759267 -0.295888 0.537760
1403638585.627830 4.756798 -11.599147 1.156845 0.214856 0.761860 -0.295678 0.534772
1403638585.827830 4.774142 -11.445959 1.180540 0.209457 0.770340 -0.299036 0.522763
1403638586.027829 4.809771 -11.293797 1.237092 0.206556 0.769693 -0.301934 0.523204
1403638586.227829 4.851473 -11.144861 1.288275 0.211351 0.763606 -0.300154 0.531173
1403638586.427830 4.892861 -10.996782 1.320528 0.222978 0.758217 -0.293038 0.538067
1403638586.727829 4.952864 -10.759164 1.325256 0.223556 0.757627 -0.293174 0.538584
1403638586.927830 4.984084 -10.591612 1.296067 0.220481 0.756031 -0.294463 0.541385
1403638587.127830 5.017107 -10.418970 1.254838 0.218849 0.755953 -0.295273 0.541715
1403638587.277829 5.033856 -10.285216 1.241477 0.217789 0.758713 -0.295148 0.538341
1403638587.427830 5.048183 -10.144593 1.243669 0.216155 0.760286 -0.296335 0.536123
1403638587.627830 5.076503 -9.953325 1.242745 0.213923 0.759773 -0.298565 0.536507
1403638587.827830 5.106979 -9.764186 1.221195 0.213564 0.759034 -0.299729 0.537048
1403638588.027829 5.136435 -9.583044 1.181018 0.213106 0.757960 -0.300213 0.538474
1403638588.227829 5.161908 -9.408558 1.127706 0.222455 0.759722 -0.293433 0.535941
1403638588.427830 5.189962 -9.226621 1.087864 0.222854 0.760350 -0.292415 0.535441
1403638588.627830 5.221898 -9.033810 1.081129 0.218479 0.759287 -0.294972 0.537347
1403638588.827830 5.251155 -8.836414 1.097413 0.215203 0.756816 -0.297539 0.540729
1403638589.027829 5.276438 -8.640363 1.094755 0.213746 0.756432 -0.299742 0.540627
1403638589.227829 5.300803 -8.440587 1.067815 0.215306 0.756364 -0.299272 0.540364
1403638589.427830 5.321725 -8.236744 1.032493 0.215001 0.755712 -0.299644 0.541191
1403638589.677830 5.338373 -7.985386 1.019789 0.214226 0.756611 -0.300069 0.540005
1403638589.927830 5.349336 -7.741245 1.037275 0.214753 0.758868 -0.301466 0.535834
1403638590.227829 5.362014 -7.449987 1.022155 0.214880 0.756977 -0.303316 0.537412
1403638590.477829 5.372327 -7.214407 0.980935 0.214510 0.757678 -0.304313 0.536007
1403638590.677830 5.378811 -7.029793 0.955608 0.211286 0.760392 -0.306141 0.532391
1403638590.877830 5.384473 -6.852577 0.960486 0.210550 0.762038 -0.306689 0.530008
1403638591.077830 5.387684 -6.662317 0.983878 0.207714 0.763320 -0.309020 0.527925
1403638591.227829 5.392786 -6.528721 0.995269 0.205139 0.770273 -0.311513 0.517260
1403638591.327830 5.397974 -6.446334 0.994717 0.201104 0.775743 -0.314492 0.508798
1403638591.477829 5.415288 -6.336003 0.986618 0.196572 0.779952 -0.317919 0.501958
1403638591.627830 5.443646 -6.239106 0.966085 0.192565 0.783132 -0.320912 0.496628
1403638591.877830 5.519189 -6.123675 0.926081 0.195155 0.778750 -0.319268 0.503519
1403638592.027829 5.577011 -6.085285 0.920048 0.196516 0.774462 -0.317731 0.510526
1403638592.227829 5.668077 -6.053247 0.943084 0.193524 0.768578 -0.312534 0.523603
1403638592.277829 5.691142 -6.050284 0.955366 0.190735 0.765847 -0.309376 0.530457
1403638592.327830 5.712647 -6.053572 0.970653 0.187233 0.764403 -0.305388 0.536069
1403638592.427830 5.759896 -6.048492 1.004592 0.176837 0.764841 -0.293666 0.545441
1403638592.477829 5.781421 -6.048690 1.024068 0.170814 0.767214 -0.286637 0.547763
1403638592.627830 5.843409 -6.050828 1.092712 0.159411 0.779495 -0.266902 0.543819
1403638592.727829 5.880956 -6.058375 1.144139 0.153261 0.787418 -0.257948 0.538467
1403638592.877830 5.938619 -6.074098 1.210300 0.146086 0.796405 -0.250690 0.530615
1403638593.227829 6.096054 -6.150360 1.333045 0.147415 0.796390 -0.243243 0.533727
1403638593.327830 6.146906 -6.182009 1.376465 0.155813 0.794113 -0.238339 0.536937
1403638593.427830 6.197805 -6.214039 1.423003 0.166408 0.789902 -0.232458 0.542519
1403638593.527829 6.250347 -6.245128 1.463433 0.172128 0.786313 -0.230295 0.546852
1403638593.677830 6.331789 -6.286541 1.511149 0.176915 0.783990 -0.229243 0.549098
1403638593.827830 6.414451 -6.318964 1.547426 0.177092 0.776125 -0.229988 0.559799
1403638593.877830 6.440400 -6.325970 1.561457 0.175218 0.770204 -0.228722 0.569008
1403638594.027829 6.513525 -6.342258 1.605360 0.164679 0.769695 -0.224477 0.574510
1403638594.227829 6.591421 -6.351786 1.676165 0.158240 0.780998 -0.217341 0.563706
1403638594.427830 6.655440 -6.350316 1.741060 0.163214 0.780586 -0.206660 0.566868
1403638594.627830 6.704384 -6.328858 1.824076 0.156122 0.780669 -0.207928 0.568285
1403638595.027829 6.769749 -6.259174 1.967286 0.149780 0.783339 -0.215557 0.563454
1403638595.627830 6.807250 -6.124607 2.009072 0.150960 0.785603 -0.217733 0.559135
1403638596.127830 6.801406 -5.982100 1.991609 0.173232 0.788502 -0.203292 0.554010
1403638596.277829 6.798768 -5.920620 1.970872 0.190628 0.792193 -0.190599 0.547506
1403638596.527829 6.814973 -5.772571 1.977349 0.208684 0.793166 -0.175573 0.544530
1403638596.727829 6.858736 -5.599670 2.019965 0.221899 0.794999 -0.165035 0.539908
1403638596.877830 6.909442 -5.428871 2.069278 0.227104 0.794402 -0.160546 0.539976
1403638597.027829 6.975225 -5.223154 2.121838 0.230131 0.792924 -0.159467 0.541185
1403638597.127830 7.026765 -5.070334 2.152235 0.232922 0.791395 -0.158355 0.542554
1403638597.227829 7.084379 -4.900557 2.173700 0.233546 0.789184 -0.159437 0.545183
1403638597.327830 7.148838 -4.715574 2.190072 0.230168 0.786904 -0.163004 0.548848
1403638597.427830 7.217940 -4.516647 2.202741 0.224407 0.784480 -0.168590 0.553001
1403638597.477829 7.252550 -4.412161 2.207183 0.219320 0.782166 -0.172562 0.557080
1403638597.527829 7.286945 -4.304501 2.209211 0.212990 0.779442 -0.177209 0.561875
1403638597.627830 7.358573 -4.079010 2.209490 0.204194 0.775604 -0.184336 0.568123
1403638597.727829 7.422699 -3.852489 2.208375 0.203881 0.774748 -0.184887 0.569224
1403638597.827830 7.491293 -3.612277 2.199233 0.208857 0.778042 -0.175305 0.565948
1403638597.877830 7.523369 -3.490552 2.192847 0.210942 0.779931 -0.169379 0.564378
1403638597.927830 7.555379 -3.366404 2.185553 0.212712 0.781505 -0.164138 0.563082
1403638598.027829 7.620774 -3.109395 2.173144 0.210403 0.782954 -0.157653 0.563790
1403638598.077830 7.654577 -2.976510 2.169254 0.205237 0.782575 -0.157726 0.566194
1403638598.127830 7.687934 -2.840849 2.166808 0.195082 0.783236 -0.161584 0.567780
1403638598.227829 7.751990 -2.562296 2.166415 0.174379 0.783595 -0.171255 0.571176
1403638598.277829 7.782092 -2.421481 2.166708 0.166243 0.785002 -0.175495 0.570383
1403638598.327830 7.814604 -2.281013 2.167145 0.159826 0.785685 -0.178698 0.570282
1403638598.427830 7.875813 -1.999539 2.164309 0.152504 0.787468 -0.182332 0.568676
1403638598.477829 7.905640 -1.859408 2.161155 0.150760 0.788811 -0.182712 0.567155
1403638598.527829 7.935262 -1.720335 2.156443 0.148472 0.789179 -0.182174 0.567420
1403638598.677830 8.017621 -1.301324 2.129763 0.141207 0.793828 -0.172332 0.565861
1403638598.727829 8.044353 -1.163815 2.119465 0.137371 0.795259 -0.167148 0.566352
1403638598.827830 8.096097 -0.888994 2.103344 0.128643 0.797242 -0.154579 0.569176
1403638598.877830 8.128438 -0.761701 2.098095 0.123612 0.798718 -0.147286 0.570155
1403638599.027829 8.187740 -0.340472 2.080598 0.106752 0.803754 -0.123711 0.572083
1403638599.077830 8.218765 -0.215038 2.081227 0.101656 0.804838 -0.114484 0.573407
1403638599.127830 8.242976 -0.081483 2.080612 0.095952 0.806277 -0.105605 0.574071
1403638599.227829 8.286136 0.186687 2.086576 0.084561 0.809060 -0.087278 0.575026
1403638599.277829 8.306325 0.322107 2.090067 0.078753 0.810521 -0.078052 0.575119
1403638599.327830 8.326871 0.454364 2.097294 0.071366 0.812320 -0.069426 0.574650
1403638599.427830 8.364567 0.721643 2.115659 0.061940 0.816246 -0.053319 0.571894
1403638599.477829 8.382241 0.855998 2.124443 0.057120 0.817727 -0.047877 0.570761
1403638599.627830 8.437983 1.254071 2.147558 0.049056 0.821117 -0.037462 0.567412
1403638599.677830 8.455471 1.384889 2.150680 0.047961 0.822275 -0.035127 0.565977
1403638599.727829 8.472930 1.514944 2.151852 0.046828 0.822527 -0.034426 0.565749
1403638599.927830 8.553942 2.033116 2.141422 0.042896 0.824068 -0.039346 0.563493
1403638600.027829 8.597126 2.286224 2.130998 0.037908 0.823002 -0.045807 0.564919
1403638600.127830 8.645394 2.538979 2.113928 0.029532 0.824428 -0.055481 0.562467
1403638600.227829 8.693166 2.781619 2.091843 0.017313 0.826407 -0.067299 0.558768
1403638600.327830 8.739626 3.016065 2.072985 0.008246 0.827438 -0.076961 0.556197
1403638600.427830 8.796174 3.238576 2.053262 0.000171 0.828092 -0.085306 0.554064
1403638600.527829 8.852048 3.446126 2.041948 -0.001119 0.828617 -0.088166 0.552828
1403638600.627830 8.910484 3.638483 2.039668 -0.000865 0.829859 -0.089605 0.550730
1403638600.727829 8.972528 3.820785 2.044510 -0.001540 0.831903 -0.091047 0.547398
1403638600.827830 9.039099 3.985922 2.055327 0.001607 0.836073 -0.088219 0.541477
1403638600.927830 9.109956 4.134438 2.069463 0.016880 0.840117 -0.076030 0.536784
1403638601.027829 9.186225 4.274435 2.078407 0.030315 0.841744 -0.064957 0.535098
1403638601.127830 9.271810 4.408801 2.081930 0.037034 0.840984 -0.059179 0.536537
1403638601.227829 9.362014 4.539110 2.081201 0.046084 0.838500 -0.051701 0.540482
1403638601.327830 9.458894 4.667390 2.077625 0.053116 0.831567 -0.044670 0.551071
1403638601.427830 9.561139 4.797638 2.075011 0.043096 0.827353 -0.041898 0.558458
1403638601.477829 9.613418 4.863242 2.075993 0.036808 0.826095 -0.038394 0.561016
1403638601.527829 9.666265 4.928738 2.079353 0.031704 0.823821 -0.032043 0.565055
1403638601.627830 9.770731 5.060290 2.088485 0.020836 0.821649 -0.014896 0.569418
1403638601.677830 9.823279 5.125839 2.095841 0.015363 0.820891 -0.003609 0.570866
1403638601.727829 9.875252 5.191653 2.104749 0.008726 0.820687 0.008303 0.571250
1403638601.827830 9.976986 5.325317 2.127341 -0.004666 0.818244 0.036221 0.573711
1403638601.877830 10.026912 5.392884 2.142046 -0.010845 0.816431 0.051363 0.575052
1403638601.927830 10.075434 5.461281 2.159352 -0.018766 0.815606 0.064139 0.574735
1403638602.027829 10.170967 5.598138 2.186958 -0.031939 0.814607 0.084385 0.572953
1403638602.077830 10.217164 5.666600 2.199680 -0.037339 0.814170 0.092000 0.572074
1403638602.127830 10.262655 5.735122 2.211598 -0.040220 0.812557 0.099968 0.572835
1403638602.327830 10.436764 6.015596 2.239015 -0.058679 0.799917 0.133825 0.582049
1403638602.477829 10.552054 6.234895 2.268682 -0.106178 0.772734 0.146801 0.608324
1403638602.527829 10.585589 6.306559 2.283480 -0.124208 0.761530 0.149470 0.618306
1403638602.627830 10.640883 6.442213 2.317289 -0.152822 0.745149 0.158683 0.629458
1403638602.677830 10.662270 6.504966 2.335818 -0.160894 0.742103 0.167059 0.628878
1403638602.727829 10.677930 6.563203 2.355707 -0.168199 0.740081 0.175969 0.626916
1403638602.827830 10.695488 6.668745 2.399421 -0.176883 0.737744 0.197362 0.620883
1403638602.877830 10.696998 6.715866 2.422909 -0.183758 0.736872 0.206651 0.616886
1403638602.927830 10.694817 6.760258 2.447412 -0.191746 0.737315 0.215502 0.610868
1403638603.027829 10.681178 6.840086 2.494207 -0.214548 0.736822 0.229194 0.598776
1403638603.077830 10.670035 6.874383 2.516878 -0.223509 0.733953 0.236850 0.596036
1403638603.227829 10.624019 6.956855 2.569529 -0.236989 0.730339 0.259612 0.585699
1403638603.277829 10.603566 6.976628 2.581464 -0.235178 0.735995 0.268095 0.575437
1403638603.327830 10.582287 6.993657 2.591079 -0.232444 0.743300 0.275473 0.563551
1403638603.527829 10.492262 7.047823 2.614801 -0.226658 0.758811 0.290917 0.536842
1403638603.627830 10.448411 7.069066 2.620239 -0.230837 0.752861 0.293756 0.541869
1403638603.727829 10.403121 7.090448 2.620700 -0.227041 0.744892 0.299111 0.551472
1403638603.877830 10.329250 7.108983 2.605829 -0.216246 0.733218 0.308068 0.566324
1403638604.077830 10.202543 7.129749 2.568349 -0.204394 0.723312 0.314180 0.579943
1403638604.227829 10.081545 7.142165 2.546945 -0.206336 0.723757 0.313384 0.579130
1403638604.327830 9.985719 7.147683 2.542513 -0.213609 0.729966 0.308996 0.571002
1403638604.527829 9.769182 7.145888 2.554155 -0.214338 0.745397 0.308747 0.550561
1403638604.627830 9.656441 7.142460 2.562377 -0.213651 0.748579 0.309400 0.546126
1403638604.727829 9.541587 7.136093 2.565357 -0.218141 0.750998 0.306607 0.542595
1403638604.827830 9.427908 7.131399 2.564909 -0.221577 0.753208 0.304069 0.539559
1403638604.927830 9.314472 7.119755 2.567162 -0.220580 0.757369 0.304900 0.533642
1403638605.127830 9.093100 7.099738 2.588304 -0.216130 0.770255 0.308045 0.514881
1403638605.277829 8.941365 7.089894 2.619954 -0.211380 0.772622 0.311564 0.511177
1403638605.427830 8.801332 7.088107 2.644571 -0.201064 0.764118 0.319134 0.523307
1403638605.527829 8.702912 7.090958 2.652632 -0.194011 0.754177 0.324250 0.537065
1403638605.677830 8.558978 7.105450 2.656703 -0.185641 0.744802 0.330462 0.549183
1403638605.827830 8.400133 7.131642 2.666355 -0.182633 0.744486 0.332265 0.549532
1403638606.027829 8.169509 7.191760 2.704461 -0.175536 0.743433 0.335529 0.551284
1403638606.227829 7.910550 7.277020 2.725573 -0.169464 0.743828 0.337770 0.551284
1403638606.327830 7.772817 7.329712 2.725521 -0.170995 0.747635 0.335547 0.547002
1403638606.477829 7.560286 7.420539 2.711947 -0.183756 0.762780 0.325035 0.527971
1403638606.627830 7.345561 7.526271 2.686833 -0.194550 0.773549 0.319770 0.511390
1403638606.677830 7.280555 7.562143 2.674897 -0.197378 0.774391 0.321815 0.507737
1403638606.827830 7.077905 7.687885 2.636165 -0.206352 0.773684 0.337380 0.494982
1403638606.927830 6.968478 7.774796 2.615727 -0.216573 0.768691 0.352084 0.488105
1403638607.077830 6.792598 7.922177 2.588586 -0.237631 0.757825 0.374720 0.478348
1403638607.227829 6.645116 8.083928 2.580778 -0.261834 0.742415 0.384838 0.481833
1403638607.327830 6.555632 8.196985 2.569274 -0.274149 0.730800 0.387714 0.490359
1403638607.427830 6.469817 8.305980 2.550705 -0.283163 0.724278 0.388819 0.494025
1403638607.627830 6.308188 8.522306 2.495894 -0.288769 0.722249 0.390792 0.492190
1403638607.827830 6.164059 8.726533 2.425385 -0.287446 0.720543 0.390914 0.495358
1403638607.927830 6.106928 8.824774 2.381343 -0.290088 0.724547 0.387239 0.490843
1403638608.077830 6.007767 8.966162 2.315819 -0.291623 0.724814 0.382999 0.492860
1403638608.277829 5.910479 9.141355 2.207422 -0.285707 0.717242 0.383231 0.507020
1403638608.427830 5.839616 9.262594 2.114581 -0.286074 0.710758 0.381916 0.516840
1403638608.527829 5.787824 9.338516 2.044228 -0.284583 0.712701 0.382484 0.514564
1403638608.677830 5.720421 9.441539 1.937711 -0.289121 0.709953 0.378849 0.518507
1403638608.827830 5.644132 9.530436 1.842695 -0.288957 0.711635 0.379332 0.515933
1403638608.927830 5.591171 9.581996 1.787314 -0.287749 0.715625 0.380439 0.510243
1403638609.027829 5.543706 9.626597 1.739599 -0.288386 0.719319 0.380347 0.504727
1403638609.227829 5.451810 9.706327 1.662380 -0.294263 0.720568 0.376080 0.502747
1403638609.477829 5.348882 9.778370 1.542779 -0.292855 0.721087 0.376184 0.502748
1403638609.677830 5.281286 9.821541 1.420325 -0.287218 0.720321 0.379725 0.504432
1403638609.877830 5.231005 9.850753 1.295463 -0.286539 0.720679 0.380218 0.503935
1403638610.627830 5.057644 9.824286 0.944676 -0.299483 0.701903 0.369826 0.529973
1403638610.827830 5.006874 9.756355 0.834346 -0.297473 0.710109 0.372942 0.517850
1403638610.927830 4.981278 9.715251 0.790703 -0.296197 0.713225 0.375231 0.512621
1403638611.327830 4.882038 9.498319 0.615910 -0.298114 0.708377 0.376070 0.517591
1403638611.477829 4.841770 9.391309 0.560830 -0.281146 0.702964 0.387242 0.526158
1403638611.627830 4.790771 9.276929 0.520661 -0.270792 0.703946 0.392948 0.526045
1403638611.827830 4.703496 9.119802 0.471260 -0.279940 0.713449 0.385319 0.513958
1403638612.027829 4.617677 8.960688 0.410943 -0.285914 0.720562 0.379565 0.504949
1403638612.277829 4.520754 8.761182 0.359157 -0.286882 0.722303 0.377665 0.503335
1403638612.627830 4.405231 8.474738 0.296749 -0.277631 0.717975 0.379945 0.512909
1403638612.827830 4.338878 8.310580 0.230585 -0.271829 0.715276 0.379528 0.520046
1403638613.077830 4.240964 8.106954 0.163271 -0.273500 0.717857 0.374947 0.518936
1403638613.327830 4.129597 7.900083 0.142097 -0.272067 0.720923 0.374868 0.515484
1403638613.627830 3.992551 7.659227 0.126384 -0.273937 0.721136 0.365611 0.520817
1403638613.827830 3.894092 7.490669 0.082339 -0.277002 0.719718 0.351601 0.530709
1403638613.927830 3.843031 7.399522 0.050797 -0.271405 0.723306 0.342469 0.534680
1403638614.027829 3.792924 7.305960 0.015737 -0.260559 0.729668 0.331302 0.538454
1403638614.127830 3.738210 7.206441 -0.022073 -0.247372 0.738224 0.317619 0.541249
1403638614.277829 3.655227 7.053037 -0.073601 -0.228892 0.751251 0.296690 0.543328
1403638614.427830 3.567569 6.898417 -0.110483 -0.218419 0.759604 0.281581 0.544066
1403638614.627830 3.452297 6.693283 -0.132842 -0.211790 0.767391 0.262766 0.545170
1403638614.727829 3.399643 6.590247 -0.129568 -0.209443 0.773967 0.248038 0.543677
1403638614.877830 3.326322 6.440560 -0.097268 -0.200418 0.789001 0.220910 0.537131
1403638615.027829 3.266160 6.282253 -0.055664 -0.178883 0.800374 0.190589 0.539516
1403638615.077830 3.250960 6.230915 -0.036379 -0.168576 0.803241 0.179840 0.542258
1403638615.127830 3.236080 6.177863 -0.016981 -0.157536 0.805424 0.168665 0.545918
1403638615.227829 3.204985 6.060739 0.019536 -0.132386 0.805978 0.147532 0.557770
1403638615.277829 3.190533 5.999976 0.038643 -0.120516 0.806329 0.135819 0.562905
1403638615.327830 3.176081 5.939009 0.056456 -0.109644 0.807284 0.123275 0.566634
1403638615.427830 3.146764 5.818830 0.086880 -0.088431 0.808891 0.097178 0.573089
1403638615.477829 3.133154 5.758873 0.100736 -0.078093 0.809764 0.084197 0.575409
1403638615.527829 3.120488 5.700598 0.113451 -0.068608 0.811035 0.071470 0.576547
1403638615.627830 3.092195 5.584880 0.133844 -0.053220 0.812012 0.050304 0.579028
1403638615.677830 3.078673 5.527615 0.144260 -0.047339 0.812562 0.042218 0.579413
1403638615.727829 3.064750 5.470259 0.155860 -0.043087 0.812828 0.035431 0.579826
1403638615.827830 3.034960 5.357283 0.183639 -0.036307 0.813303 0.024530 0.580188
1403638615.877830 3.019507 5.299610 0.199672 -0.034462 0.813567 0.017949 0.580172
1403638615.927830 3.003720 5.241447 0.214811 -0.031251 0.813415 0.011953 0.580720
1403638616.027829 2.970704 5.127956 0.240251 -0.023215 0.814187 0.000029 0.580138
1403638616.077830 2.954231 5.070414 0.250762 -0.018461 0.814184 -0.006202 0.580281
1403638616.127830 2.938131 5.012048 0.257593 -0.013525 0.814239 -0.012581 0.580236
1403638616.227829 2.902908 4.897326 0.259448 -0.003884 0.814534 -0.029001 0.579377
1403638616.277829 2.885736 4.837877 0.254537 0.001793 0.814314 -0.038446 0.579147
1403638616.327830 2.867280 4.775949 0.246122 0.008295 0.814174 -0.047859 0.578585
1403638616.427830 2.829260 4.654099 0.221348 0.020868 0.813521 -0.066605 0.577332
1403638616.477829 2.810211 4.590660 0.207979 0.024952 0.813148 -0.075270 0.576630
1403638616.527829 2.791289 4.528426 0.193608 0.029839 0.813272 -0.081980 0.575306
1403638616.627830 2.753314 4.410162 0.160135 0.037286 0.815447 -0.093063 0.570084
1403638616.677830 2.734932 4.347618 0.143352 0.039161 0.818040 -0.097605 0.565465
1403638616.727829 2.716974 4.286606 0.124622 0.037960 0.821985 -0.103023 0.558826
1403638616.827830 2.683390 4.167120 0.083651 0.032396 0.828904 -0.112682 0.546966
1403638616.927830 2.656476 4.043579 0.046065 0.031823 0.830802 -0.115619 0.543495
1403638617.027829 2.636741 3.915605 0.018865 0.039287 0.827911 -0.110564 0.548448
1403638617.127830 2.621526 3.783885 0.000105 0.046753 0.824524 -0.103512 0.554310
1403638617.227829 2.611528 3.651606 -0.010788 0.050287 0.824760 -0.097842 0.554679
1403638617.327830 2.604578 3.517497 -0.017714 0.049195 0.828147 -0.095098 0.550190
1403638617.427830 2.604221 3.386030 -0.016637 0.049466 0.832565 -0.091713 0.544039
1403638617.627830 2.621676 3.128795 0.007799 0.049199 0.834338 -0.085748 0.542317
1403638617.727829 2.642527 3.003514 0.033471 0.051169 0.832912 -0.081484 0.544977
1403638617.827830 2.669395 2.882403 0.066571 0.051557 0.832988 -0.078848 0.545213
1403638617.927830 2.701669 2.755520 0.105985 0.050054 0.831890 -0.077595 0.547204
1403638618.077830 2.758707 2.577835 0.161071 0.048623 0.831213 -0.075707 0.548625
1403638618.227829 2.824863 2.407157 0.201949 0.046562 0.831446 -0.074849 0.548568
1403638618.427830 2.924835 2.195233 0.241921 0.047085 0.830795 -0.072436 0.549832
1403638618.627830 3.040785 1.991563 0.271965 0.049391 0.829843 -0.073229 0.550962
1403638618.727829 3.105680 1.894169 0.289096 0.053638 0.829451 -0.075536 0.550844
1403638618.827830 3.170753 1.797188 0.307830 0.055129 0.827991 -0.079483 0.552335
1403638618.927830 3.243361 1.706275 0.335208 0.060282 0.824973 -0.084725 0.555525
1403638619.027829 3.317287 1.614250 0.357360 0.069368 0.819753 -0.095756 0.560378
1403638619.077830 3.354298 1.568636 0.366515 0.076456 0.817661 -0.102993 0.561229
1403638619.127830 3.393246 1.523776 0.372875 0.083608 0.815048 -0.111399 0.562402
1403638619.227829 3.470879 1.437465 0.382503 0.097489 0.809918 -0.132899 0.562909
1403638619.277829 3.508988 1.395680 0.380671 0.104354 0.807413 -0.145517 0.562156
1403638619.327830 3.541056 1.356598 0.389771 0.113039 0.804548 -0.157588 0.561329
1403638619.427830 3.630937 1.268949 0.364780 0.126315 0.798326 -0.180658 0.560430
1403638619.477829 3.662122 1.232083 0.366968 0.131105 0.795695 -0.190627 0.559770
1403638619.627830 3.777553 1.119540 0.346516 0.137359 0.789012 -0.214012 0.559278
1403638619.827830 3.925997 0.972153 0.308478 0.129750 0.781864 -0.237432 0.561676
1403638620.027829 4.059080 0.814203 0.265115 0.133015 0.778585 -0.244217 0.562557
1403638620.227829 4.167660 0.647476 0.237443 0.139623 0.773608 -0.243406 0.568146
1403638620.427830 4.247009 0.475144 0.240240 0.144729 0.776632 -0.239381 0.564440
1403638620.827830 4.352618 0.133082 0.237016 0.137561 0.786473 -0.236341 0.553788
1403638621.027829 4.387422 -0.038942 0.210004 0.147362 0.788342 -0.224605 0.553493
1403638621.227829 4.419728 -0.203983 0.195118 0.148114 0.785978 -0.219080 0.558842
1403638621.477829 4.459411 -0.401041 0.187842 0.151077 0.785055 -0.212669 0.561816
1403638621.727829 4.479533 -0.567864 0.150799 0.151688 0.781220 -0.208929 0.568362
1403638621.927830 4.484223 -0.687618 0.103363 0.155252 0.775697 -0.205339 0.576218
1403638622.327830 4.455628 -0.842095 -0.004639 0.147669 0.774589 -0.211410 0.577505
1403638622.527829 4.407535 -0.902492 -0.014952 0.153209 0.775581 -0.209814 0.575308
1403638622.677830 4.360737 -0.931676 -0.008521 0.160093 0.771790 -0.206616 0.579672
1403638623.027829 4.208825 -0.957227 0.055642 0.161693 0.762509 -0.208628 0.590686
1403638623.127830 4.148255 -0.945775 0.065823 0.157360 0.767931 -0.212684 0.583340
1403638623.277829 4.048581 -0.927915 0.071995 0.151353 0.772589 -0.217110 0.577115
1403638623.427830 3.939945 -0.906088 0.067533 0.150303 0.776790 -0.218302 0.571271
1403638623.727829 3.702716 -0.855485 0.068169 0.153577 0.777439 -0.217662 0.569760
1403638624.027829 3.432282 -0.788571 0.110649 0.156666 0.780555 -0.219547 0.563906
1403638624.327830 3.151501 -0.704140 0.119879 0.150877 0.779672 -0.227285 0.563639
1403638624.627830 2.860178 -0.627366 0.090237 0.148405 0.766191 -0.232341 0.580470
1403638624.827830 2.654111 -0.575094 0.071449 0.155044 0.776946 -0.216632 0.570427
1403638625.027829 2.437577 -0.514340 0.078706 0.144729 0.783570 -0.209882 0.566587
1403638625.227829 2.224841 -0.456327 0.081251 0.132204 0.785895 -0.209628 0.566522
1403638625.627830 1.796192 -0.353509 0.089146 0.130748 0.787688 -0.206346 0.565574
1403638625.827830 1.589004 -0.314479 0.120661 0.128061 0.794898 -0.208656 0.555157
1403638626.077830 1.334311 -0.272804 0.135331 0.127695 0.796928 -0.210755 0.551527
1403638626.427830 0.989380 -0.223737 0.108859 0.141130 0.793329 -0.202623 0.556467
1403638626.627830 0.820574 -0.215864 0.073045 0.140996 0.796779 -0.202286 0.551673
1403638626.827830 0.649521 -0.197126 0.057179 0.136924 0.802661 -0.204459 0.543309
1403638627.277829 0.337671 -0.153033 0.039078 0.136144 0.804972 -0.202401 0.540851
1403638627.827830 0.093301 -0.136414 -0.028584 0.144289 0.798207 -0.197964 0.550324
1403638628.127830 0.043070 -0.118566 -0.106983 0.146533 0.801907 -0.198729 0.544041
1403638628.627830 0.007683 -0.070406 -0.142213 0.130768 0.788609 -0.212811 0.561879
1403638629.077830 -0.007170 -0.051391 -0.177127 0.143567 0.792005 -0.205113 0.556816
1403638629.427830 -0.024536 -0.030001 -0.191536 0.146355 0.798780 -0.203577 0.546888
1403638629.527829 -0.025635 -0.021948 -0.193079 0.143074 0.803212 -0.206552 0.540109
1403638629.677830 -0.011839 -0.012772 -0.189203 0.130623 0.801294 -0.216139 0.542355
1403638629.827830 0.007455 -0.010835 -0.181607 0.123099 0.792309 -0.222231 0.554713
1403638629.927830 0.014518 -0.013261 -0.184913 0.128888 0.786380 -0.219068 0.563031
1403638630.027829 0.017286 -0.018642 -0.198075 0.140292 0.781053 -0.211458 0.570579
1403638630.227829 0.014093 -0.022321 -0.253406 0.149028 0.786035 -0.205016 0.563833
1403638630.277829 0.011897 -0.021548 -0.271137 0.148975 0.788262 -0.205052 0.560717
1403638630.327830 0.009613 -0.020535 -0.290122 0.150717 0.792714 -0.205061 0.553931
1403638630.427830 0.018155 -0.017477 -0.291672 0.135497 0.798425 -0.211968 0.547017
1403638630.477829 0.023860 -0.017623 -0.284779 0.144587 0.789706 -0.204523 0.560026
1403638630.527829 0.028959 -0.017304 -0.283103 0.145681 0.789415 -0.204020 0.560336
1403638630.627830 0.037724 -0.016660 -0.294769 0.146545 0.788582 -0.204356 0.561160
1403638630.677830 0.040624 -0.016379 -0.307436 0.139964 0.808045 -0.203937 0.534680
1403638630.727829 0.043592 -0.018531 -0.311156 0.134534 0.815273 -0.199610 0.526674
1403638630.827830 0.035349 -0.020616 -0.314137 0.139048 0.812611 -0.201335 0.528956
