1403715280.912143 0.27612 0.05171 0.31207 0.06625 0.81384 -0.09217 0.56990
1403715281.012143 0.29130 0.05694 0.31856 0.07635 0.81122 -0.10799 0.56960
1403715281.162143 0.32025 0.06713 0.33291 0.08832 0.80856 -0.12332 0.56853
1403715281.312143 0.34689 0.07538 0.34309 0.09729 0.80691 -0.13712 0.56624
1403715281.462143 0.37299 0.08131 0.34880 0.11083 0.80471 -0.15608 0.56196
1403715281.612143 0.40155 0.08497 0.35047 0.13157 0.79932 -0.18281 0.55709
1403715281.662143 0.41166 0.08570 0.34909 0.13909 0.79670 -0.19387 0.55528
1403715281.762143 0.43051 0.08665 0.34669 0.15553 0.79100 -0.21740 0.55033
1403715281.862143 0.45435 0.08806 0.34267 0.17225 0.78398 -0.24220 0.54502
1403715281.912143 0.47415 0.08238 0.34849 0.18097 0.78034 -0.25431 0.54189
1403715282.012143 0.49796 0.08328 0.34249 0.19657 0.77215 -0.27863 0.53619
1403715282.062143 0.51508 0.08410 0.33920 0.20419 0.76792 -0.29038 0.53318
1403715282.162143 0.54006 0.08441 0.33078 0.21974 0.75948 -0.31152 0.52713
1403715282.212143 0.55646 0.08443 0.32758 0.22771 0.75504 -0.32140 0.52418
1403715282.312143 0.58261 0.08312 0.31894 0.24202 0.74631 -0.34196 0.51722
1403715282.362143 0.59995 0.08133 0.31588 0.24940 0.74173 -0.35200 0.51354
1403715282.462143 0.63123 0.07946 0.30563 0.26394 0.73293 -0.37140 0.50520
1403715282.512143 0.64382 0.07937 0.30035 0.27122 0.72776 -0.38074 0.50184
1403715282.612143 0.67975 0.07652 0.28967 0.28540 0.71667 -0.39869 0.49597
1403715282.862143 0.77050 0.07183 0.25952 0.31336 0.68529 -0.44377 0.48502
1403715283.012143 0.82090 0.06850 0.23913 0.33163 0.66600 -0.46866 0.47626
1403715283.162143 0.87317 0.06688 0.21887 0.34553 0.64446 -0.49495 0.46937
1403715283.312143 0.93489 0.06408 0.19619 0.35908 0.62335 -0.51931 0.46132
1403715283.462143 0.98651 0.06435 0.17476 0.37152 0.60673 -0.54098 0.44853
1403715283.562143 1.03761 0.06220 0.15682 0.38004 0.59951 -0.55369 0.43541
1403715283.712143 1.07632 0.06185 0.14021 0.38905 0.59163 -0.56735 0.42040
1403715284.162143 1.20631 0.04881 0.09103 0.38972 0.58335 -0.57959 0.41460
1403715284.312143 1.24111 0.03743 0.07637 -0.37830 -0.58213 0.58375 -0.42100
1403715284.562143 1.27570 0.00078 0.06035 0.38441 0.59009 -0.57148 0.42124
1403715284.762143 1.29377 -0.03981 0.04985 0.39151 0.59660 -0.56000 0.42095
1403715284.912143 1.30621 -0.06908 0.04436 0.39884 0.58906 -0.56228 0.42164
1403715285.012143 1.31301 -0.08652 0.04306 0.40687 0.57380 -0.57044 0.42404
1403715285.162143 1.32059 -0.10721 0.04535 -0.42140 -0.55020 0.58861 -0.41621
1403715285.262143 1.32376 -0.11432 0.04941 -0.42443 -0.53762 0.60503 -0.40590
1403715285.412143 1.32649 -0.11702 0.07322 -0.41849 -0.52669 0.62719 -0.39255
1403715285.562143 1.32214 -0.11417 0.12537 -0.41441 -0.52116 0.63858 -0.38584
1403715285.712143 1.31328 -0.11854 0.18477 -0.41310 -0.51702 0.64361 -0.38446
1403715285.862143 1.29214 -0.12814 0.24092 -0.41960 -0.51742 0.64173 -0.37998
1403715286.012143 1.26351 -0.14048 0.28735 -0.42799 -0.52494 0.63668 -0.36864
1403715286.162143 1.23396 -0.15813 0.32751 -0.42979 -0.52678 0.63629 -0.36458
1403715286.412143 1.18456 -0.20196 0.38519 -0.42903 -0.52614 0.63740 -0.36446
1403715286.562143 1.14787 -0.23664 0.41986 -0.43425 -0.52652 0.63475 -0.36235
1403715286.712143 1.12290 -0.27232 0.44625 -0.44477 -0.51527 0.63586 -0.36381
1403715286.762143 1.11762 -0.28513 0.45242 -0.44945 -0.50984 0.63767 -0.36255
1403715286.862143 1.10065 -0.30946 0.46496 -0.45225 -0.50315 0.64575 -0.35400
1403715286.962143 1.08508 -0.33550 0.47772 -0.45226 -0.50021 0.65350 -0.34378
1403715287.262143 1.05464 -0.42066 0.51504 -0.46627 -0.48720 0.65805 -0.33496
1403715287.412143 1.04678 -0.46865 0.53439 -0.46951 -0.48071 0.65810 -0.33967
1403715287.612143 1.04074 -0.52670 0.56152 -0.46421 -0.46379 0.67124 -0.34474
1403715287.712143 1.03669 -0.54842 0.57490 -0.46537 -0.44971 0.68191 -0.34087
1403715287.862143 1.02192 -0.57874 0.59855 -0.47835 -0.42638 0.69518 -0.32572
1403715287.962143 1.00480 -0.60547 0.61926 -0.49182 -0.40845 0.70344 -0.31058
1403715288.112143 0.97757 -0.63778 0.64862 0.50836 0.37844 -0.71725 0.28965
1403715288.162143 0.96941 -0.64771 0.65834 0.51173 0.37060 -0.72124 0.28390
1403715288.412143 0.92494 -0.68612 0.65380 0.51858 0.34956 -0.73403 0.26474
1403715288.812143 0.85644 -0.70694 0.67539 0.51789 0.34722 -0.73662 0.26197
1403715288.962143 0.83193 -0.70328 0.67948 0.52166 0.34905 -0.73672 0.25156
1403715289.112143 0.80833 -0.69548 0.65191 0.52367 0.34024 -0.74315 0.24028
1403715289.262143 0.79155 -0.68633 0.60968 0.52777 0.33075 -0.74853 0.22752
1403715289.412143 0.77081 -0.68391 0.56535 0.53205 0.31652 -0.75590 0.21297
1403715289.512143 0.75928 -0.68450 0.53158 0.53322 0.30291 -0.76336 0.20298
1403715289.662143 0.73831 -0.69188 0.47156 0.53397 0.28262 -0.77426 0.18845
1403715289.812143 0.72288 -0.70568 0.41478 0.53435 0.27114 -0.77978 0.18139
1403715290.112143 0.69085 -0.76023 0.38163 0.53446 0.27339 -0.77745 0.18757
1403715290.262143 0.67464 -0.79776 0.40384 0.52983 0.28392 -0.77614 0.19047
1403715290.412143 0.65296 -0.84384 0.42450 0.52066 0.28970 -0.77885 0.19589
1403715290.562143 0.62824 -0.89827 0.43946 0.51876 0.29104 -0.77837 0.20083
1403715290.662143 0.60908 -0.93983 0.44708 0.52145 0.28837 -0.77651 0.20486
1403715290.812143 0.57882 -1.00119 0.45533 0.53075 0.28533 -0.77107 0.20576
1403715290.962143 0.54895 -1.06458 0.46004 0.53130 0.27874 -0.77224 0.20897
1403715291.112143 0.51875 -1.12779 0.46250 0.53169 0.26329 -0.77488 0.21805
1403715291.262143 0.48331 -1.18593 0.46392 0.53283 0.24784 -0.77809 0.22191
1403715291.412143 0.44241 -1.23324 0.45942 0.53462 0.23614 -0.78218 0.21590
1403715291.662143 0.35873 -1.28485 0.43551 0.53131 0.21858 -0.79400 0.19876
1403715291.812143 0.30045 -1.29818 0.42006 0.53285 0.21371 -0.79731 0.18626
1403715291.962143 0.23400 -1.30893 0.40281 0.53825 0.22045 -0.79645 0.16543
1403715292.212143 0.11620 -1.33505 0.36951 0.53641 0.23258 -0.79466 0.16332
1403715292.362143 0.04252 -1.36146 0.34904 0.53098 0.25779 -0.78829 0.17380
1403715292.412143 0.02187 -1.37105 0.34297 0.52920 0.26740 -0.78500 0.17949
1403715292.512143 -0.02422 -1.39680 0.33295 0.52469 0.28929 -0.77721 0.19224
1403715292.562143 -0.04772 -1.41079 0.32829 0.52504 0.30004 -0.77057 0.20132
1403715292.712143 -0.12338 -1.45937 0.31687 0.53174 0.33700 -0.74280 0.22788
1403715292.812143 -0.16692 -1.49239 0.31456 0.53224 0.36271 -0.72483 0.24452
1403715292.962143 -0.20773 -1.53987 0.33557 0.51465 0.39793 -0.71002 0.26954
1403715293.062143 -0.23546 -1.56904 0.35168 0.50174 0.41488 -0.70116 0.29069
1403715293.112143 -0.24771 -1.58511 0.36601 -0.49605 -0.42237 0.69622 -0.30135
1403715293.262143 -0.28730 -1.63517 0.40469 -0.48008 -0.44628 0.68102 -0.32646
1403715293.412143 -0.31867 -1.68247 0.45591 -0.47348 -0.46751 0.65944 -0.34985
1403715293.512143 -0.34029 -1.70752 0.48488 -0.46745 -0.48102 0.64730 -0.36210
1403715293.562143 -0.34605 -1.71283 0.49661 -0.46234 -0.48820 0.64289 -0.36688
1403715293.662143 -0.37119 -1.73938 0.52786 -0.45079 -0.50329 0.63615 -0.37255
1403715293.762143 -0.39226 -1.75778 0.55846 -0.44045 -0.51777 0.62866 -0.37775
1403715293.912143 -0.42346 -1.78091 0.60160 -0.42571 -0.53832 0.61560 -0.38732
1403715294.062143 -0.45582 -1.80337 0.63586 -0.41328 -0.55851 0.59722 -0.40075
1403715294.112143 -0.46716 -1.81173 0.64261 -0.40931 -0.56435 0.59015 -0.40706
1403715294.212143 -0.48893 -1.82664 0.64579 -0.40218 -0.57482 0.57516 -0.42074
1403715294.262143 -0.50082 -1.83453 0.64409 0.39739 0.58015 -0.56801 0.42765
1403715294.412143 -0.53531 -1.84845 0.61418 0.38326 0.59780 -0.54609 0.44444
1403715294.512143 -0.55864 -1.85447 0.58682 0.37478 0.61133 -0.53014 0.45251
1403715294.612143 -0.58116 -1.85707 0.55938 0.36126 0.62809 -0.51689 0.45586
1403715294.662143 -0.59086 -1.85653 0.54782 0.35554 0.63760 -0.50937 0.45563
1403715294.762143 -0.61027 -1.85707 0.52635 0.34404 0.65555 -0.49411 0.45580
1403715294.812143 -0.62011 -1.85806 0.51551 0.33800 0.66304 -0.48659 0.45756
1403715294.962143 -0.65005 -1.86249 0.48192 0.32512 0.68102 -0.46047 0.46741
1403715295.062143 -0.66664 -1.86612 0.45957 0.31602 0.68894 -0.44353 0.47830
1403715295.112143 -0.67444 -1.86827 0.44833 0.31005 0.69147 -0.43574 0.48567
1403715295.212143 -0.68858 -1.87077 0.43084 0.29845 0.69587 -0.42068 0.49972
1403715295.262143 -0.69629 -1.87014 0.42382 0.29173 0.69914 -0.41354 0.50506
1403715295.362143 -0.71429 -1.86791 0.41861 0.27766 0.70990 -0.39678 0.51139
1403715295.462143 -0.73237 -1.86271 0.42542 0.26361 0.72249 -0.37728 0.51593
1403715295.512143 -0.74236 -1.86053 0.42897 0.25704 0.72857 -0.36689 0.51818
1403715295.612143 -0.76188 -1.85563 0.43038 0.24866 0.73846 -0.34722 0.52181
1403715295.762143 -0.79077 -1.84673 0.40772 0.23961 0.74536 -0.32650 0.52956
1403715295.912143 -0.82130 -1.83259 0.37450 0.22362 0.74878 -0.31021 0.54138
1403715296.062143 -0.85106 -1.81352 0.33408 0.20499 0.75064 -0.29976 0.55196
1403715296.112143 -0.86252 -1.80768 0.31927 0.19748 0.75285 -0.29930 0.55194
1403715296.212143 -0.88083 -1.79395 0.28250 0.18494 0.76168 -0.29535 0.54627
1403715296.312143 -0.91382 -1.78702 0.25764 0.17326 0.77304 -0.28924 0.53734
1403715296.462143 -0.95016 -1.78517 0.23293 0.15796 0.78688 -0.27552 0.52911
1403715296.612143 -0.98900 -1.79829 0.22716 0.14987 0.79191 -0.26141 0.53111
1403715296.762143 -1.02844 -1.82409 0.23310 0.15305 0.79037 -0.24681 0.53943
1403715297.062143 -1.09450 -1.88257 0.24018 0.14508 0.79567 -0.21226 0.54845
1403715297.162143 -1.11283 -1.90160 0.23741 0.12387 0.80470 -0.20176 0.54443
1403715297.212143 -1.12116 -1.91054 0.23642 0.11271 0.81078 -0.19474 0.54037
1403715297.362143 -1.13964 -1.94783 0.22673 0.08189 0.82210 -0.16621 0.53835
1403715297.612143 -1.15422 -2.05266 0.21118 0.05249 0.82993 -0.11265 0.54385
1403715297.762143 -1.14158 -2.12586 0.19035 0.02781 0.83402 -0.09537 0.54272
1403715297.912143 -1.11308 -2.21302 0.18371 0.01110 0.82365 -0.07307 0.56226
1403715298.012143 -1.09092 -2.27775 0.18378 0.00009 0.81040 -0.05476 0.58331
1403715298.162143 -1.06655 -2.36473 0.18227 -0.00178 0.80058 -0.01067 0.59913
1403715298.212143 -1.06098 -2.39516 0.17926 0.00179 0.80102 0.00729 0.59860
1403715298.462143 -1.05109 -2.53032 0.17129 0.00339 0.80952 0.06516 0.58345
1403715298.612143 -1.06075 -2.57802 0.18228 0.01259 0.81118 0.08259 0.57880
1403715298.762143 -1.06794 -2.59878 0.19122 0.02236 0.80952 0.09106 0.57955
1403715298.912143 -1.07992 -2.58929 0.20538 -0.00084 0.82009 0.07305 0.56756
1403715299.012143 -1.09108 -2.57366 0.21230 -0.02623 0.82861 0.06216 0.55574
1403715299.062143 -1.09251 -2.56834 0.21375 -0.03617 0.83104 0.06136 0.55164
1403715299.162143 -1.09773 -2.54170 0.22741 -0.05108 0.83273 0.06712 0.54721
1403715299.212143 -1.09700 -2.53030 0.23187 -0.05747 0.83282 0.07219 0.54580
1403715299.362143 -1.08552 -2.49385 0.24293 -0.07715 0.83158 0.09263 0.54216
1403715299.512143 -1.05644 -2.45115 0.26028 -0.09920 0.82563 0.11923 0.54247
1403715299.612143 -1.03000 -2.42737 0.26925 -0.11449 0.81864 0.14052 0.54496
1403715299.712143 -0.99900 -2.40319 0.27484 -0.13189 0.81171 0.16225 0.54535
1403715299.762143 -0.98343 -2.39026 0.27811 -0.13975 0.80885 0.17442 0.54388
1403715299.912143 -0.92378 -2.35359 0.28198 -0.16662 0.79724 0.21115 0.54042
1403715300.012143 -0.87871 -2.33011 0.28568 -0.18213 0.78889 0.23549 0.53761
1403715300.062143 -0.85660 -2.32093 0.28872 -0.18850 0.78275 0.24615 0.53961
1403715300.162143 -0.81390 -2.30334 0.29048 -0.19678 0.77142 0.26360 0.54470
1403715300.312143 -0.75005 -2.28225 0.29449 -0.20042 0.75692 0.28209 0.55437
1403715300.462143 -0.69995 -2.26649 0.30018 -0.21461 0.75183 0.28081 0.55664
1403715300.712143 -0.64378 -2.26108 0.30947 -0.21864 0.75552 0.27508 0.55292
1403715300.862143 -0.61635 -2.26977 0.31043 -0.21325 0.75549 0.27253 0.55631
1403715301.012143 -0.59280 -2.28534 0.31549 -0.20168 0.75421 0.27458 0.56133
1403715301.162143 -0.58050 -2.30633 0.31668 -0.19216 0.74973 0.27552 0.57015
1403715301.312143 -0.58406 -2.33120 0.31526 -0.18348 0.74468 0.27842 0.57816
1403715301.562143 -0.63688 -2.37319 0.29721 -0.19223 0.75657 0.27276 0.56236
1403715301.612143 -0.65271 -2.38252 0.29237 -0.19374 0.76201 0.27119 0.55522
1403715301.712143 -0.68550 -2.40142 0.28060 -0.19529 0.76906 0.26788 0.54649
1403715301.862143 -0.73540 -2.42901 0.26013 -0.18558 0.76864 0.26992 0.54945
1403715302.062143 -0.80603 -2.45992 0.23921 -0.17635 0.76858 0.26987 0.55260
1403715302.262143 -0.88515 -2.48425 0.22769 -0.16558 0.77530 0.26994 0.54647
1403715302.412143 -0.94506 -2.49077 0.22642 -0.15757 0.77790 0.26820 0.54599
1403715302.562143 -1.02320 -2.49466 0.22429 -0.16577 0.78262 0.25544 0.54294
1403715302.712143 -1.09795 -2.48835 0.22399 -0.17258 0.78805 0.24553 0.53750
1403715302.862143 -1.16439 -2.47686 0.21868 -0.17375 0.79498 0.24249 0.52822
1403715303.012143 -1.21890 -2.45990 0.20887 -0.17785 0.79788 0.25135 0.51825
1403715303.112143 -1.25044 -2.44416 0.20221 -0.18475 0.79567 0.26517 0.51231
1403715303.262143 -1.28212 -2.41308 0.19358 -0.20265 0.78083 0.29603 0.51148
1403715303.312143 -1.28582 -2.40108 0.19152 -0.20984 0.77257 0.30826 0.51388
1403715303.462143 -1.31166 -2.35716 0.18563 -0.22899 0.74812 0.34683 0.51729
1403715303.612143 -1.33207 -2.30953 0.17991 -0.25241 0.72850 0.38092 0.51038
1403715303.762143 -1.34773 -2.26234 0.17357 -0.28608 0.70981 0.40683 0.49882
1403715303.862143 -1.36180 -2.23233 0.17100 -0.30680 0.69636 0.42286 0.49208
1403715304.012143 -1.38435 -2.19229 0.16707 -0.32811 0.68170 0.43963 0.48411
1403715304.262143 -1.42586 -2.13948 0.15682 -0.34211 0.67444 0.44899 0.47592
1403715304.412143 -1.44778 -2.12148 0.14602 -0.33962 0.67796 0.45054 0.47121
1403715304.612143 -1.46838 -2.10966 0.11483 -0.32816 0.67915 0.45007 0.47803
1403715304.812143 -1.48794 -2.10556 0.06322 -0.32052 0.68154 0.44601 0.48358
1403715305.012143 -1.50954 -2.10730 0.04789 -0.31415 0.68534 0.44480 0.48351
1403715305.312143 -1.54407 -2.11538 0.08007 -0.31459 0.68966 0.44538 0.47648
1403715305.562143 -1.57183 -2.11910 0.11138 -0.31976 0.68590 0.45103 0.47315
1403715305.662143 -1.58048 -2.12355 0.14652 -0.32269 0.68327 0.45458 0.47156
1403715305.812143 -1.59278 -2.11717 0.19892 -0.32890 0.68178 0.45677 0.46728
1403715305.962143 -1.59980 -2.12406 0.25853 -0.32809 0.68101 0.46036 0.46546
1403715306.262143 -1.60469 -2.12273 0.34595 -0.33640 0.68713 0.45118 0.45948
1403715306.412143 -1.59597 -2.12382 0.38645 -0.34846 0.69178 0.42708 0.46650
1403715306.512143 -1.58092 -2.12786 0.40719 -0.34667 0.69555 0.41122 0.47637
1403715306.562143 -1.57189 -2.13858 0.42420 -0.34245 0.69771 0.40366 0.48268
1403715306.712143 -1.53518 -2.17127 0.46780 -0.32345 0.70288 0.37932 0.50739
1403715306.812143 -1.50888 -2.20543 0.49314 -0.30315 0.70558 0.36403 0.52701
1403715306.862143 -1.49740 -2.22664 0.50600 -0.29282 0.70621 0.35538 0.53780
1403715307.012143 -1.46777 -2.29853 0.53735 -0.24763 0.71222 0.33682 0.56389
1403715307.112143 -1.45552 -2.35279 0.54536 -0.21577 0.72182 0.32516 0.57158
1403715307.262143 -1.45160 -2.43907 0.53267 -0.17289 0.74303 0.30625 0.56942
1403715307.362143 -1.46216 -2.49220 0.51138 -0.15357 0.75755 0.28838 0.56513
1403715307.412143 -1.46970 -2.51793 0.49980 -0.15024 0.76662 0.27569 0.56011
1403715307.712143 -1.53726 -2.63451 0.42823 -0.13199 0.80233 0.20239 0.54579
1403715307.962143 -1.58318 -2.71036 0.36340 -0.08908 0.81619 0.15203 0.55026
1403715308.012143 -1.58941 -2.72433 0.35072 -0.08030 0.81771 0.14197 0.55203
1403715308.262143 -1.61008 -2.77082 0.28724 -0.04417 0.82339 0.09640 0.55748
1403715308.512143 -1.61432 -2.79198 0.22506 -0.02863 0.82569 0.06129 0.56005
1403715308.812143 -1.58596 -2.78761 0.21308 -0.03596 0.82820 0.04549 0.55743
1403715309.062143 -1.53374 -2.79220 0.24041 -0.04961 0.82674 0.04418 0.55865
1403715309.262143 -1.48323 -2.79575 0.26423 -0.06910 0.81583 0.04472 0.57240
1403715309.512143 -1.42048 -2.83674 0.28084 -0.06436 0.80911 0.06667 0.58031
1403715310.062143 -1.31722 -2.95612 0.31843 -0.09047 0.80956 0.07177 0.57557
1403715310.212143 -1.29671 -3.00297 0.31831 -0.08375 0.80054 0.06505 0.58983
1403715310.362143 -1.26958 -3.07155 0.32457 -0.05591 0.79718 0.05961 0.59818
1403715310.562143 -1.27317 -3.16147 0.33618 -0.02584 0.80502 0.03858 0.59143
1403715310.762143 -1.29228 -3.23919 0.35093 -0.00957 0.81846 0.02317 0.57402
1403715311.062143 -1.31841 -3.34647 0.36332 -0.01041 0.82410 0.00475 0.56634
1403715311.212143 -1.32311 -3.39679 0.36669 -0.01704 0.82614 -0.00504 0.56318
1403715311.362143 -1.32140 -3.44874 0.36974 -0.02135 0.82782 -0.01121 0.56048
1403715311.512143 -1.31072 -3.50747 0.37574 -0.01126 0.82937 -0.00711 0.55854
1403715311.612143 -1.29847 -3.54657 0.38074 -0.00436 0.82870 -0.00434 0.55966
1403715311.762143 -1.27355 -3.60554 0.38854 -0.00253 0.82749 -0.00589 0.56145
1403715311.912143 -1.24096 -3.66594 0.39568 -0.00514 0.82561 -0.01280 0.56408
1403715312.062143 -1.20398 -3.72485 0.40139 0.00461 0.82579 -0.01276 0.56381
1403715312.212143 -1.16152 -3.78363 0.40845 0.01288 0.82453 -0.01319 0.56552
1403715312.362143 -1.11512 -3.83950 0.41584 0.01200 0.82448 -0.01922 0.56544
1403715312.462143 -1.08604 -3.87242 0.41909 0.00962 0.82361 -0.02394 0.56657
1403715312.612143 -1.03624 -3.92588 0.41934 0.01156 0.81959 -0.02371 0.57234
1403715312.762143 -0.98754 -3.97836 0.41567 0.01795 0.81250 -0.01669 0.58244
1403715312.912143 -0.94432 -4.02556 0.41067 0.02231 0.80518 -0.00549 0.59259
1403715313.062143 -0.91206 -4.06389 0.42378 0.02195 0.80051 0.00482 0.59890
1403715313.362143 -0.87786 -4.11901 0.48480 0.00705 0.80854 0.01081 0.58830
1403715313.612143 -0.87665 -4.14200 0.52878 0.01295 0.81599 0.00360 0.57791
1403715313.762143 -0.88082 -4.14851 0.55654 0.02201 0.81693 -0.00226 0.57631
1403715313.962143 -0.88868 -4.14587 0.59587 0.02116 0.81661 -0.01297 0.57666
1403715314.162143 -0.90293 -4.13647 0.62330 0.03584 0.81862 -0.02911 0.57248
1403715314.212143 -0.90689 -4.13480 0.62723 0.04465 0.81928 -0.03586 0.57052
1403715314.312143 -0.91315 -4.12820 0.63715 0.06184 0.81960 -0.05263 0.56715
1403715314.362143 -0.91624 -4.12396 0.63587 0.06966 0.81954 -0.06160 0.56542
1403715314.462143 -0.91957 -4.11200 0.63784 0.08033 0.81934 -0.07885 0.56214
1403715314.612143 -0.91952 -4.08611 0.64362 0.08613 0.81831 -0.10060 0.55931
1403715315.062143 -0.90164 -3.97402 0.64468 0.09214 0.80975 -0.11951 0.56704
1403715315.212143 -0.89310 -3.91967 0.64265 0.08915 0.80985 -0.12081 0.56710
1403715315.612143 -0.86406 -3.78041 0.64377 0.10628 0.80334 -0.15549 0.56495
1403715315.762143 -0.85732 -3.72280 0.64558 0.11202 0.79568 -0.18362 0.56623
1403715315.862143 -0.85693 -3.69480 0.64642 0.11637 0.79081 -0.20512 0.56480
1403715316.012143 -0.86452 -3.66222 0.64527 0.13589 0.78493 -0.23136 0.55846
1403715316.062143 -0.86849 -3.65223 0.64285 0.14492 0.78289 -0.23881 0.55592
1403715316.162143 -0.87660 -3.63217 0.63534 0.16502 0.77973 -0.25295 0.54845
1403715316.212143 -0.88165 -3.62459 0.63161 0.17524 0.77854 -0.26021 0.54356
1403715316.312143 -0.89114 -3.60581 0.62290 0.19591 0.77886 -0.27622 0.52792
1403715316.362143 -0.89361 -3.59920 0.61312 0.20510 0.78008 -0.28379 0.51853
1403715316.462143 -0.89548 -3.58242 0.59575 0.21972 0.78058 -0.29688 0.50427
1403715316.612143 -0.88429 -3.56175 0.57428 0.22987 0.77276 -0.31330 0.50185
1403715316.762143 -0.85835 -3.54222 0.55204 0.23694 0.76024 -0.32583 0.50964
1403715316.912143 -0.82541 -3.52048 0.52333 0.24876 0.74727 -0.34296 0.51194
1403715317.012143 -0.80183 -3.50564 0.50443 0.26171 0.73514 -0.35756 0.51305
1403715317.162143 -0.76437 -3.48034 0.47344 0.27800 0.71976 -0.38847 0.50373
1403715317.212143 -0.75202 -3.47158 0.46373 0.28402 0.71498 -0.39966 0.49841
1403715317.312143 -0.72722 -3.45436 0.44654 0.29870 0.70440 -0.42051 0.48761
1403715317.362143 -0.71336 -3.44636 0.43771 0.30493 0.69803 -0.43204 0.48282
1403715317.462143 -0.68591 -3.42784 0.42203 0.31582 0.68348 -0.45568 0.47483
1403715317.562143 -0.65817 -3.40993 0.40752 0.32829 0.66894 -0.47654 0.46653
1403715317.612143 -0.64408 -3.40282 0.40068 0.33447 0.66145 -0.48640 0.46263
1403715317.712143 -0.61910 -3.38820 0.39002 0.34507 0.64565 -0.50612 0.45597
1403715317.762143 -0.60755 -3.38227 0.38551 0.34906 0.63746 -0.51635 0.45298
1403715317.862143 -0.58360 -3.36742 0.37466 0.35186 0.61857 -0.53967 0.44980
1403715317.912143 -0.57120 -3.36019 0.36843 0.35514 0.61028 -0.54943 0.44673
1403715318.012143 -0.55311 -3.34616 0.35815 0.36363 0.59590 -0.56607 0.43846
1403715318.162143 -0.53652 -3.32758 0.34258 -0.37272 -0.57848 0.58317 -0.43169
1403715318.312143 -0.53362 -3.31187 0.32589 -0.38037 -0.57063 0.59202 -0.42333
1403715318.412143 -0.53922 -3.30229 0.31505 -0.38736 -0.56712 0.59636 -0.41556
1403715318.462143 -0.54400 -3.29797 0.30951 -0.39292 -0.56660 0.59787 -0.40881
1403715318.562143 -0.55622 -3.28961 0.29770 -0.40294 -0.56579 0.60243 -0.39319
1403715318.612143 -0.56305 -3.28744 0.29181 -0.40518 -0.56527 0.60717 -0.38424
1403715318.712143 -0.57742 -3.28438 0.27789 -0.40522 -0.56279 0.62057 -0.36599
1403715318.762143 -0.58423 -3.28607 0.27187 -0.40494 -0.55890 0.62806 -0.35944
1403715318.862143 -0.59934 -3.29365 0.25957 -0.40972 -0.54962 0.64008 -0.34691
1403715319.012143 -0.62132 -3.32111 0.24427 -0.42429 -0.53205 0.65046 -0.33734
1403715319.062143 -0.63010 -3.33517 0.23873 -0.43063 -0.52553 0.65317 -0.33428
1403715319.162143 -0.64525 -3.36649 0.22969 -0.44607 -0.51234 0.65678 -0.32736
1403715319.312143 -0.66310 -3.42222 0.21959 -0.46475 -0.49131 0.66645 -0.31380
1403715319.412143 -0.67037 -3.46252 0.21419 -0.47563 -0.47667 0.67397 -0.30385
1403715319.562143 -0.67577 -3.52913 0.20578 -0.48658 -0.45101 0.68797 -0.29416
1403715319.712143 -0.67454 -3.60395 0.20823 -0.49333 -0.43273 0.69837 -0.28574
1403715319.862143 -0.66584 -3.68597 0.23573 -0.49429 -0.42620 0.70318 -0.28206
1403715320.012143 -0.65216 -3.77539 0.28045 -0.49614 -0.41938 0.70750 -0.27823
1403715320.262143 -0.62057 -3.93185 0.34858 0.51611 0.38881 -0.71781 0.25923
1403715320.412143 -0.59372 -4.02293 0.38166 0.53221 0.34621 -0.73072 0.25089
1403715320.562143 -0.56078 -4.10150 0.40967 0.53935 0.29986 -0.75116 0.23442
1403715320.712143 -0.52132 -4.17232 0.43903 0.54320 0.25198 -0.76967 0.22146
1403715320.862143 -0.48211 -4.22942 0.46496 0.54284 0.21218 -0.78238 0.21950
1403715321.012143 -0.44802 -4.26918 0.48561 0.53786 0.19471 -0.79300 0.20963
1403715321.562143 -0.41543 -4.26004 0.53652 0.53715 0.19397 -0.79853 0.19026
1403715321.712143 -0.43243 -4.22319 0.54845 0.54256 0.19902 -0.79420 0.18778
1403715321.812143 -0.44928 -4.19177 0.55802 0.54894 0.19259 -0.79099 0.18950
1403715322.012143 -0.48825 -4.10192 0.57761 0.55825 0.17338 -0.78899 0.18922
1403715322.162143 -0.51860 -4.01204 0.59033 0.55131 0.16994 -0.79886 0.17026
1403715322.262143 -0.54090 -3.94466 0.59982 0.55226 0.17371 -0.80157 0.14940
1403715322.312143 -0.55119 -3.90811 0.60454 0.55177 0.17324 -0.80377 0.13962
1403715322.412143 -0.57724 -3.83761 0.60770 0.55090 0.16713 -0.80874 0.12051
1403715322.462143 -0.59107 -3.80215 0.60512 0.54998 0.16210 -0.81161 0.11196
1403715322.562143 -0.62008 -3.73429 0.59047 0.54755 0.15176 -0.81685 0.09957
1403715322.662143 -0.65177 -3.67176 0.56890 0.54546 0.14489 -0.82050 0.09088
1403715322.712143 -0.66990 -3.64177 0.55773 0.54532 0.14235 -0.82131 0.08837
1403715322.812143 -0.70879 -3.58709 0.53599 0.54659 0.13902 -0.82142 0.08475
1403715322.862143 -0.73062 -3.56372 0.52776 0.54648 0.13865 -0.82175 0.08278
1403715323.112143 -0.84765 -3.46775 0.53006 0.55068 0.14062 -0.81920 0.07678
1403715323.262143 -0.92807 -3.43185 0.53229 0.55264 0.14437 -0.81752 0.07355
1403715323.412143 -1.01390 -3.40463 0.51591 0.55376 0.14525 -0.81655 0.07418
1403715323.512143 -1.07240 -3.39750 0.51392 0.55301 0.14511 -0.81707 0.07430
1403715323.662143 -1.16902 -3.39708 0.53252 0.56643 0.14158 -0.80804 0.07869
1403715323.712143 -1.20152 -3.39985 0.54157 0.57568 0.13977 -0.80163 0.08032
1403715323.812143 -1.25971 -3.40914 0.55964 0.59424 0.13660 -0.78814 0.08393
1403715323.862143 -1.28781 -3.41475 0.56726 0.60158 0.13510 -0.78264 0.08555
1403715323.962143 -1.33525 -3.42757 0.58391 0.61799 0.13286 -0.76970 0.08941
1403715324.012143 -1.35897 -3.43323 0.59204 0.62449 0.13154 -0.76432 0.09234
1403715324.162143 -1.40130 -3.45382 0.61164 0.61930 0.12941 -0.76802 0.09929
1403715324.262143 -1.41277 -3.46890 0.62357 0.60971 0.12697 -0.77529 0.10514
1403715324.362143 -1.41190 -3.48240 0.63464 0.59927 0.12111 -0.78276 0.11614
1403715324.412143 -1.40867 -3.48830 0.63990 0.59011 0.11860 -0.78933 0.12110
1403715324.512143 -1.39665 -3.49385 0.65057 0.57067 0.11618 -0.80314 0.12570
1403715324.662143 -1.38052 -3.49312 0.67084 0.55727 0.11705 -0.81281 0.12284
1403715324.862143 -1.36990 -3.47876 0.69908 0.56346 0.12792 -0.80930 0.10575
1403715324.962143 -1.36783 -3.47009 0.71071 0.57279 0.13384 -0.80263 0.09895
1403715325.112143 -1.35881 -3.45877 0.72408 0.58370 0.13562 -0.79420 0.10073
1403715325.412143 -1.31228 -3.43598 0.73767 0.57762 0.13677 -0.79733 0.10913
1403715325.512143 -1.29032 -3.42702 0.73894 0.56801 0.13558 -0.80393 0.11262
1403715325.662143 -1.26629 -3.41371 0.73706 0.56040 0.12610 -0.80883 0.12592
1403715325.862143 -1.24245 -3.38187 0.73480 0.55299 0.12077 -0.81402 0.13033
1403715326.062143 -1.22819 -3.32975 0.73095 0.55278 0.12484 -0.81523 0.11934
1403715326.212143 -1.22329 -3.27673 0.72451 0.55949 0.13186 -0.81168 0.10374
1403715326.362143 -1.22575 -3.22415 0.71176 0.57207 0.13405 -0.80354 0.09539
1403715326.512143 -1.23069 -3.18023 0.69869 0.58769 0.13077 -0.79271 0.09555
1403715326.662143 -1.22244 -3.13064 0.68133 0.59500 0.12881 -0.78770 0.09439
1403715326.812143 -1.20304 -3.07905 0.66062 0.58711 0.12422 -0.79410 0.09632
1403715326.912143 -1.18330 -3.04852 0.64715 0.57715 0.12016 -0.80173 0.09845
1403715327.062143 -1.14954 -2.99541 0.62904 0.56808 0.11219 -0.80852 0.10483
1403715327.212143 -1.11758 -2.92366 0.61028 0.56081 0.10705 -0.81368 0.10935
1403715327.362143 -1.09597 -2.85908 0.59874 0.55510 0.10211 -0.81781 0.11234
1403715327.512143 -1.09009 -2.80366 0.59288 0.55236 0.10142 -0.81953 0.11398
1403715327.662143 -1.09396 -2.73825 0.58544 0.55263 0.11786 -0.81762 0.11046
1403715327.812143 -1.10740 -2.66914 0.57476 0.55110 0.14280 -0.81391 0.11600
1403715327.912143 -1.11771 -2.62026 0.56552 0.54971 0.16197 -0.80985 0.12541
1403715328.062143 -1.13584 -2.53693 0.55189 0.55270 0.18819 -0.80024 0.13682
1403715328.212143 -1.15679 -2.45861 0.54273 0.56239 0.20169 -0.78945 0.14073
1403715328.362143 -1.17094 -2.39220 0.53805 0.57293 0.20483 -0.78152 0.13790
1403715328.512143 -1.17342 -2.32686 0.53373 0.57703 0.20175 -0.78037 0.13170
1403715328.612143 -1.16857 -2.28753 0.52988 0.57107 0.20118 -0.78551 0.12795
1403715328.762143 -1.15467 -2.22647 0.52195 0.55832 0.20900 -0.79192 0.13216
1403715328.912143 -1.13617 -2.17351 0.51342 0.54983 0.22984 -0.78823 0.15351
1403715328.962143 -1.12937 -2.16059 0.51158 0.54745 0.24044 -0.78485 0.16277
1403715329.062143 -1.11286 -2.13880 0.50669 0.54160 0.26490 -0.77642 0.18349
1403715329.112143 -1.10400 -2.12680 0.50243 0.53772 0.27759 -0.77169 0.19570
1403715329.212143 -1.08785 -2.11158 0.49400 0.52818 0.30466 -0.76231 0.21698
1403715329.262143 -1.07911 -2.10286 0.48863 0.52295 0.31760 -0.75807 0.22577
1403715329.362143 -1.06237 -2.08671 0.47800 0.51478 0.33695 -0.75082 0.24027
1403715329.462143 -1.04876 -2.07395 0.46331 0.50898 0.34960 -0.74567 0.25038
1403715329.612143 -1.02889 -2.05445 0.43895 0.50310 0.36105 -0.74216 0.25637
1403715330.062143 -0.98910 -2.02406 0.35513 0.50678 0.36095 -0.73650 0.26544
1403715330.212143 -0.98313 -2.02153 0.31569 0.50413 0.36817 -0.73505 0.26457
1403715330.762143 -0.99589 -2.04808 0.31661 0.50522 0.36204 -0.73146 0.28044
1403715330.912143 -1.00038 -2.05353 0.35608 -0.49545 -0.36877 0.72762 -0.29850
1403715331.062143 -1.00646 -2.04872 0.37857 -0.48099 -0.39018 0.71682 -0.32027
1403715331.312143 -1.02966 -2.02508 0.44660 -0.46317 -0.44188 0.69136 -0.33503
1403715331.612143 -1.09126 -1.98585 0.55875 -0.46079 -0.46775 0.67454 -0.33745
1403715331.762143 -1.12719 -1.97099 0.60759 -0.46614 -0.47209 0.66976 -0.33357
1403715332.062143 -1.19529 -1.93503 0.67412 -0.46414 -0.46456 0.67820 -0.32986
1403715332.662143 -1.36683 -1.90894 0.69490 -0.44373 -0.46093 0.68763 -0.34323
1403715332.862143 -1.45972 -1.92081 0.71058 -0.44683 -0.47081 0.67843 -0.34412
1403715333.012143 -1.53609 -1.93676 0.72626 -0.46378 -0.47391 0.65491 -0.36252
1403715333.362143 -1.72406 -1.93500 0.73970 -0.46910 -0.48711 0.63353 -0.37592
1403715333.462143 -1.77978 -1.92317 0.73584 -0.46423 -0.49113 0.63616 -0.37227
1403715333.712143 -1.90054 -1.87706 0.71884 -0.45849 -0.49337 0.63965 -0.37043
1403715334.012143 -2.03233 -1.80246 0.69580 -0.43295 -0.51379 0.64324 -0.36717
1403715334.212143 -2.11640 -1.76367 0.69921 -0.42075 -0.52809 0.63379 -0.37735
1403715334.562143 -2.28921 -1.71985 0.70736 -0.41596 -0.53806 0.62450 -0.38402
1403715334.712143 -2.36940 -1.71628 0.71187 -0.41871 -0.54134 0.62095 -0.38216
1403715334.862143 -2.43891 -1.70522 0.71130 -0.42145 -0.54218 0.61945 -0.38041
1403715335.162143 -2.59022 -1.70797 0.70849 -0.42211 -0.54530 0.61766 -0.37811
1403715335.562143 -2.77732 -1.74412 0.70103 -0.41028 -0.55929 0.60528 -0.39051
1403715335.762143 -2.86998 -1.77479 0.69641 -0.39956 -0.57067 0.59465 -0.40135
1403715336.012143 -2.98015 -1.82455 0.68663 0.39347 0.58463 -0.57662 0.41339
1403715336.162143 -3.04549 -1.85822 0.68802 0.39673 0.58552 -0.56661 0.42276
1403715336.412143 -3.15135 -1.91006 0.67015 0.39004 0.59182 -0.56440 0.42317
1403715336.562143 -3.20783 -1.93607 0.66555 0.38797 0.59576 -0.56437 0.41956
1403715336.712143 -3.25838 -1.96217 0.66435 0.38822 0.59547 -0.56477 0.41921
1403715336.862143 -3.29801 -1.98664 0.66954 0.39054 0.59506 -0.56439 0.41816
1403715337.012143 -3.33441 -2.01199 0.67945 0.39275 0.59508 -0.56301 0.41791
1403715337.262143 -3.39870 -2.06455 0.70239 0.37862 0.61022 -0.55349 0.42181
1403715337.412143 -3.42900 -2.10197 0.71521 0.36007 0.62105 -0.54632 0.43150
1403715337.562143 -3.46061 -2.14524 0.72796 0.34698 0.62283 -0.54111 0.44596
1403715337.712143 -3.50165 -2.19752 0.74041 0.34891 0.62757 -0.53142 0.44945
1403715337.862143 -3.55224 -2.26075 0.75346 0.35218 0.62923 -0.52701 0.44978
1403715337.962143 -3.58231 -2.30298 0.76118 0.35633 0.62951 -0.52588 0.44743
1403715338.112143 -3.62575 -2.36533 0.77188 0.35903 0.62448 -0.52962 0.44791
1403715338.262143 -3.66766 -2.42534 0.77945 0.35717 0.62278 -0.53033 0.45091
1403715338.412143 -3.71077 -2.48788 0.78631 0.34764 0.62651 -0.52634 0.45782
1403715338.562143 -3.75679 -2.54859 0.79685 0.33669 0.63792 -0.51228 0.46611
1403715338.712143 -3.80502 -2.60854 0.81032 0.32723 0.65460 -0.48902 0.47464
1403715338.962143 -3.89016 -2.70256 0.82843 0.31106 0.67787 -0.46152 0.48036
1403715339.162143 -3.95929 -2.77803 0.83053 0.30672 0.68982 -0.45063 0.47644
1403715339.262143 -3.98947 -2.81508 0.82820 0.30854 0.69295 -0.44602 0.47507
1403715339.412143 -4.02923 -2.87178 0.82302 0.30698 0.68902 -0.44568 0.48206
1403715339.562143 -4.06240 -2.92024 0.81288 0.30717 0.68473 -0.44875 0.48519
1403715339.812143 -4.11760 -3.00653 0.78600 0.32477 0.68889 -0.44753 0.46870
1403715339.962143 -4.14136 -3.06054 0.76719 0.33748 0.69340 -0.43759 0.46240
1403715340.112143 -4.15259 -3.11977 0.74998 0.33405 0.70411 -0.42120 0.46393
1403715340.262143 -4.13680 -3.16212 0.74666 0.31123 0.71359 -0.40430 0.48006
1403715340.312143 -4.12473 -3.17160 0.74980 0.30079 0.71749 -0.39727 0.48674
1403715340.412143 -4.09912 -3.19081 0.76173 0.27707 0.72647 -0.38110 0.50024
1403715340.512143 -4.07046 -3.20890 0.77700 0.25737 0.73681 -0.36493 0.50763
1403715340.562143 -4.05554 -3.21666 0.78354 0.24733 0.74117 -0.35983 0.50991
1403715340.662143 -4.02790 -3.23425 0.79605 0.23350 0.74714 -0.35042 0.51427
1403715340.812143 -3.98680 -3.26427 0.81184 0.22214 0.75267 -0.34365 0.51579
1403715340.962143 -3.94635 -3.30064 0.82481 0.21143 0.75124 -0.34940 0.51852
1403715341.112143 -3.90648 -3.34766 0.83747 0.21461 0.74838 -0.35344 0.51861
1403715341.262143 -3.86646 -3.40539 0.85112 0.22876 0.74075 -0.35379 0.52324
1403715341.512143 -3.81062 -3.50618 0.87542 0.25127 0.73164 -0.35707 0.52352
1403715341.812143 -3.75497 -3.60190 0.89885 0.28101 0.73168 -0.34849 0.51403
1403715342.012143 -3.70887 -3.63458 0.90634 0.26794 0.73369 -0.35617 0.51288
1403715342.112143 -3.68200 -3.64552 0.90933 0.25628 0.73681 -0.36142 0.51069
1403715342.512143 -3.56855 -3.70353 0.91413 0.22496 0.75407 -0.34717 0.51015
1403715342.562143 -3.55438 -3.71203 0.91290 0.22369 0.75885 -0.33769 0.50998
1403715342.812143 -3.46104 -3.76558 0.91544 0.21752 0.77446 -0.28702 0.52011
1403715342.962143 -3.38329 -3.80184 0.91492 0.20089 0.77467 -0.27847 0.53101
1403715343.062143 -3.33174 -3.82265 0.91183 0.19402 0.77307 -0.27561 0.53737
1403715343.212143 -3.25542 -3.85462 0.90363 0.18972 0.77332 -0.27070 0.54102
1403715343.362143 -3.17317 -3.88842 0.89140 0.18568 0.77764 -0.27018 0.53647
1403715343.662143 -3.00611 -3.95860 0.86610 0.19157 0.78135 -0.27054 0.52878
1403715343.812143 -2.91896 -3.99368 0.85876 0.20142 0.77740 -0.26771 0.53236
1403715343.912143 -2.85860 -4.01354 0.85448 0.20325 0.77533 -0.26778 0.53465
1403715344.112143 -2.73112 -4.04358 0.85082 0.19325 0.77493 -0.25722 0.54403
1403715344.262143 -2.63126 -4.05909 0.84669 0.18547 0.77893 -0.23393 0.55150
1403715344.362143 -2.56595 -4.06388 0.84254 0.18746 0.77976 -0.21569 0.55706
1403715344.412143 -2.53360 -4.06401 0.84015 0.18872 0.77920 -0.20727 0.56060
1403715344.662143 -2.38421 -4.03083 0.82377 0.18529 0.78464 -0.18468 0.56205
1403715344.762143 -2.32543 -4.00149 0.81256 0.18129 0.79139 -0.18229 0.55463
1403715344.912143 -2.23685 -3.93952 0.79632 0.17692 0.79576 -0.18024 0.55043
1403715345.062143 -2.14838 -3.86544 0.78297 0.16442 0.79026 -0.18673 0.55999
1403715345.212143 -2.05853 -3.77770 0.77202 0.15513 0.78599 -0.19321 0.56642
1403715345.362143 -1.97285 -3.68356 0.75972 0.15218 0.78713 -0.19599 0.56468
1403715345.512143 -1.89679 -3.58875 0.74516 0.15077 0.78809 -0.19676 0.56344
1403715345.612143 -1.84802 -3.51981 0.73470 0.14893 0.78755 -0.19715 0.56455
1403715345.762143 -1.77788 -3.41395 0.72260 0.14601 0.78711 -0.19781 0.56569
1403715345.912143 -1.72122 -3.30848 0.70530 0.14248 0.79176 -0.19956 0.55946
1403715345.962143 -1.70383 -3.27580 0.69887 0.14076 0.79669 -0.20065 0.55246
1403715346.212143 -1.60156 -3.10982 0.68291 0.13509 0.80560 -0.20661 0.53858
1403715346.362143 -1.53324 -3.01873 0.68215 0.13769 0.79866 -0.20772 0.54776
1403715346.462143 -1.48086 -2.95399 0.68130 0.14029 0.79319 -0.20973 0.55424
1403715346.612143 -1.40554 -2.86382 0.68309 0.14045 0.78644 -0.21693 0.56101
1403715346.762143 -1.34131 -2.78292 0.68562 0.14249 0.78192 -0.22486 0.56368
1403715346.912143 -1.29267 -2.71352 0.68727 0.14364 0.78258 -0.23260 0.55932
1403715347.062143 -1.24947 -2.65087 0.68723 0.13989 0.78619 -0.24204 0.55114
1403715347.212143 -1.21855 -2.60328 0.69992 0.14524 0.79098 -0.23113 0.54758
1403715347.312143 -1.18565 -2.56990 0.69939 0.14443 0.79354 -0.21526 0.55055
1403715347.462143 -1.14770 -2.52603 0.71030 0.13913 0.79801 -0.18138 0.55761
1403715347.662143 -1.09161 -2.44999 0.72172 0.13007 0.80083 -0.14661 0.56592
1403715347.812143 -1.03899 -2.37854 0.74152 0.10992 0.80073 -0.14237 0.57138
1403715347.962143 -0.98878 -2.29907 0.75071 0.08080 0.80209 -0.13604 0.57586
1403715348.212143 -0.91797 -2.17535 0.76698 0.02861 0.80907 -0.09757 0.57884
1403715348.362143 -0.88837 -2.12425 0.77385 0.00649 0.81725 -0.06063 0.57305
1403715348.612143 -0.83812 -2.07288 0.74314 -0.01256 0.82332 -0.02911 0.56669
1403715348.762143 -0.80380 -2.06168 0.69246 -0.02554 0.81998 -0.02746 0.57117
1403715349.162143 -0.72039 -2.10637 0.57004 -0.03690 0.81456 0.00513 0.57888
1403715349.462143 -0.67571 -2.19350 0.49691 -0.03653 0.80572 0.02627 0.59059
1403715349.612143 -0.66621 -2.24451 0.45970 -0.03184 0.80716 0.03559 0.58840
1403715349.762143 -0.66501 -2.29309 0.42428 -0.04209 0.81022 0.04902 0.58255
1403715349.862143 -0.66758 -2.32340 0.40409 -0.05652 0.81131 0.06012 0.57877
1403715350.162143 -0.68409 -2.41881 0.35326 -0.08213 0.81373 0.10727 0.56532
1403715350.312143 -0.69156 -2.47401 0.32344 -0.07687 0.82156 0.12395 0.55114
1403715350.462143 -0.68713 -2.52170 0.29518 -0.06532 0.82701 0.13433 0.54198
1403715350.612143 -0.67770 -2.55797 0.26595 -0.05810 0.82802 0.13653 0.54071
1403715350.862143 -0.63399 -2.57865 0.22746 -0.06533 0.82563 0.12777 0.54566
1403715351.162143 -0.54773 -2.55783 0.19971 -0.06187 0.82074 0.13396 0.55192
1403715351.312143 -0.49583 -2.52022 0.19009 -0.06817 0.81907 0.13202 0.55411
1403715351.462143 -0.44550 -2.47360 0.19306 -0.07048 0.81289 0.13092 0.56311
1403715351.712143 -0.35811 -2.36548 0.20035 -0.06989 0.80077 0.13302 0.57982
1403715351.912143 -0.30271 -2.25948 0.20882 -0.09093 0.80296 0.14526 0.57087
1403715352.062143 -0.27102 -2.17113 0.21799 -0.11780 0.80314 0.15952 0.56183
1403715352.212143 -0.24105 -2.08371 0.23778 -0.13677 0.80100 0.17345 0.55642
1403715352.412143 -0.19744 -1.97316 0.25990 -0.15099 0.80160 0.18123 0.54936
1403715352.562143 -0.16003 -1.89850 0.27067 -0.16846 0.80044 0.17480 0.54805
1403715352.862143 -0.07362 -1.78676 0.28022 -0.15211 0.78793 0.19068 0.56539
1403715353.012143 -0.03715 -1.74459 0.28372 -0.15308 0.78585 0.19109 0.56788
1403715353.262143 0.00488 -1.69165 0.30960 -0.15309 0.78691 0.19695 0.56440
1403715353.412143 0.02145 -1.66732 0.34810 -0.15358 0.78789 0.20286 0.56079
1403715353.612143 0.04037 -1.63441 0.36585 -0.15376 0.78749 0.21091 0.55833
1403715353.862143 0.05846 -1.59313 0.33358 -0.15306 0.78436 0.22019 0.55934
1403715354.012143 0.06196 -1.56775 0.30583 -0.15553 0.78388 0.22295 0.55824
1403715354.112143 0.06232 -1.54908 0.28514 -0.16488 0.78752 0.21877 0.55206
1403715354.262143 0.06326 -1.52596 0.25537 -0.17803 0.79227 0.21224 0.54366
1403715354.462143 0.07175 -1.50655 0.21996 -0.16608 0.79333 0.22277 0.54168
1403715354.962143 0.12722 -1.46753 0.24318 -0.16973 0.79163 0.22138 0.54360
1403715355.112143 0.15061 -1.45861 0.28782 -0.17299 0.78961 0.22366 0.54458
1403715355.262143 0.17684 -1.44989 0.32434 -0.17942 0.78620 0.23890 0.54095
1403715355.412143 0.20466 -1.44255 0.35546 -0.19151 0.77841 0.26554 0.53562
1403715355.462143 0.21631 -1.43847 0.36591 -0.19900 0.77490 0.27422 0.53359
1403715355.562143 0.23710 -1.43118 0.38813 -0.21392 0.76614 0.29245 0.53079
1403715355.612143 0.24600 -1.42884 0.39684 -0.22128 0.76220 0.30188 0.52817
1403715355.712143 0.26549 -1.42444 0.41550 -0.23070 0.75452 0.32018 0.52437
1403715355.812143 0.28532 -1.42303 0.43255 -0.23569 0.74952 0.33371 0.52087
1403715355.962143 0.31501 -1.41877 0.45334 -0.23729 0.74626 0.34602 0.51677
1403715356.112143 0.34190 -1.41139 0.47176 -0.22800 0.74433 0.35408 0.51828
1403715356.262143 0.36444 -1.39793 0.48747 -0.21592 0.74482 0.35393 0.52283
1403715356.412143 0.37839 -1.37297 0.49910 -0.20817 0.75243 0.34733 0.51949
1403715356.562143 0.39615 -1.33627 0.50791 -0.21529 0.76205 0.33235 0.51231
1403715356.662143 0.40456 -1.30662 0.50947 -0.22342 0.76335 0.32804 0.50967
1403715356.812143 0.42227 -1.25315 0.51104 -0.23731 0.75853 0.33538 0.50579
1403715356.862143 0.42871 -1.23507 0.51155 -0.24177 0.75616 0.34178 0.50295
1403715356.962143 0.44444 -1.19745 0.51306 -0.25667 0.74942 0.35484 0.49657
1403715357.012143 0.45458 -1.17551 0.51729 -0.26381 0.74369 0.36364 0.49506
1403715357.112143 0.47616 -1.13540 0.52823 -0.27928 0.73167 0.38245 0.49029
1403715357.162143 0.48798 -1.11554 0.53529 -0.28568 0.72534 0.39254 0.48804
1403715357.262143 0.51501 -1.07511 0.55029 -0.29453 0.71328 0.41063 0.48567
1403715357.312143 0.52995 -1.05579 0.55686 -0.29593 0.70812 0.41813 0.48597
1403715357.412143 0.56053 -1.01814 0.57276 -0.29743 0.70092 0.42880 0.48619
1403715357.662143 0.63380 -0.92273 0.60697 -0.29274 0.69437 0.44471 0.48414
1403715357.812143 0.67222 -0.86105 0.62416 -0.28854 0.68737 0.45024 0.49148
1403715358.112143 0.71417 -0.71964 0.63223 -0.27741 0.68816 0.45725 0.49031
1403715358.262143 0.71551 -0.63896 0.62670 -0.28588 0.69514 0.44986 0.48236
1403715358.412143 0.71455 -0.54763 0.62163 -0.28515 0.69499 0.45383 0.47930
1403715358.512143 0.71145 -0.47747 0.61716 -0.28762 0.68637 0.46182 0.48259
1403715358.562143 0.70924 -0.43928 0.61482 -0.29031 0.68136 0.46576 0.48428
1403715358.662143 0.70190 -0.36255 0.60802 -0.30043 0.67263 0.47068 0.48557
1403715358.712143 0.69762 -0.32207 0.60447 -0.31116 0.66976 0.46960 0.48382
1403715358.812143 0.68555 -0.23893 0.59632 -0.32901 0.66470 0.46899 0.47956
1403715358.862143 0.67925 -0.19926 0.59409 -0.33620 0.66244 0.46926 0.47742
1403715358.962143 0.66516 -0.12361 0.58670 -0.34546 0.65736 0.47117 0.47596
1403715359.112143 0.64339 -0.01867 0.57301 -0.35065 0.65575 0.47648 0.46904
1403715359.212143 0.62964 0.04486 0.56307 -0.35316 0.65267 0.47767 0.47024
1403715359.362143 0.60836 0.12752 0.54913 -0.34934 0.64965 0.48057 0.47430
1403715359.512143 0.58273 0.19819 0.53720 -0.33877 0.64651 0.48494 0.48176
1403715359.662143 0.54808 0.25619 0.53408 -0.33790 0.64663 0.48276 0.48439
1403715359.812143 0.50424 0.30800 0.53387 -0.34107 0.65166 0.47853 0.47960
1403715359.962143 0.45601 0.34894 0.53790 -0.34373 0.65850 0.47629 0.47051
1403715360.062143 0.42175 0.37312 0.54198 -0.34251 0.66100 0.47744 0.46671
1403715360.212143 0.37036 0.40941 0.54700 -0.34007 0.66131 0.48010 0.46533
1403715360.412143 0.30479 0.45748 0.55567 -0.34405 0.67188 0.46592 0.46166
1403715360.512143 0.27736 0.47641 0.55975 -0.34678 0.68351 0.44891 0.45939
1403715360.662143 0.24297 0.50878 0.56706 -0.33610 0.69906 0.42394 0.46759
1403715360.712143 0.23362 0.51710 0.57113 -0.32905 0.70363 0.41612 0.47272
1403715360.812143 0.22614 0.52443 0.57924 -0.30792 0.71212 0.40316 0.48532
1403715360.912143 0.22396 0.52670 0.58707 -0.28571 0.72046 0.38823 0.49859
1403715360.962143 0.22344 0.52695 0.59056 -0.27513 0.72543 0.37959 0.50395
1403715361.062143 0.22200 0.53029 0.59873 -0.25598 0.73571 0.36025 0.51325
1403715361.112143 0.22124 0.53067 0.60238 -0.24722 0.74133 0.34964 0.51677
1403715361.212143 0.21875 0.53376 0.61038 -0.22915 0.75216 0.32858 0.52325
1403715361.262143 0.21738 0.53489 0.61465 -0.22014 0.75703 0.31805 0.52658
1403715361.362143 0.21318 0.54015 0.62311 -0.20114 0.76566 0.29757 0.53363
1403715361.412143 0.21097 0.54251 0.62694 -0.19210 0.76975 0.28710 0.53681
1403715361.512143 0.20635 0.54827 0.63051 -0.17703 0.77636 0.26764 0.54249
1403715361.562143 0.20426 0.55181 0.63076 -0.17065 0.77907 0.26019 0.54427
1403715361.662143 0.19890 0.56400 0.63075 -0.15907 0.78326 0.24958 0.54673
1403715361.762143 0.19271 0.57895 0.62858 -0.15136 0.78961 0.23724 0.54527
1403715361.912143 0.18732 0.60862 0.62030 -0.13737 0.80060 0.21520 0.54208
1403715362.062143 0.18560 0.64332 0.61096 -0.11997 0.80670 0.18683 0.54766
1403715362.112143 0.18558 0.65608 0.60686 -0.11265 0.80856 0.17633 0.54995
1403715362.212143 0.18782 0.68493 0.59712 -0.09459 0.81260 0.15491 0.55383
1403715362.262143 0.18835 0.69730 0.59135 -0.08496 0.81394 0.14322 0.55657
1403715362.362143 0.19332 0.72778 0.57974 -0.06529 0.81751 0.11925 0.55964
1403715362.412143 0.19675 0.74540 0.57313 -0.05578 0.81899 0.10653 0.56107
1403715362.512143 0.20382 0.78264 0.56096 -0.03758 0.82103 0.07967 0.56404
1403715362.612143 0.21303 0.82156 0.54955 -0.01916 0.82324 0.05378 0.56482
1403715362.662143 0.21747 0.84305 0.54525 -0.01072 0.82371 0.04069 0.56545
1403715362.762143 0.22896 0.88831 0.53855 0.00124 0.82409 0.01197 0.56632
1403715362.812143 0.23507 0.91028 0.53606 0.00357 0.82397 -0.00434 0.56660
1403715362.912143 0.24869 0.95658 0.53270 -0.00096 0.81979 -0.04225 0.57110
1403715363.062143 0.27111 1.02121 0.53400 -0.00133 0.80898 -0.08886 0.58107
1403715363.212143 0.29147 1.07309 0.53889 0.01162 0.80658 -0.12026 0.57865
1403715363.362143 0.30323 1.09974 0.54826 0.03033 0.80446 -0.14535 0.57516
1403715363.462143 0.30651 1.10416 0.55769 0.04440 0.80132 -0.16071 0.57453
1403715363.512143 0.30683 1.10099 0.56147 0.05218 0.79970 -0.16812 0.57401
1403715363.612143 0.30647 1.09254 0.57262 0.07605 0.79769 -0.17794 0.57117
1403715363.662143 0.30663 1.08514 0.57608 0.08745 0.79654 -0.18330 0.56946
1403715363.762143 0.30502 1.06920 0.58748 0.10898 0.79227 -0.19696 0.56713
1403715363.812143 0.30361 1.05875 0.58980 0.11858 0.78945 -0.20568 0.56604
1403715363.912143 0.29788 1.03752 0.59936 0.13682 0.78276 -0.22649 0.56327
1403715363.962143 0.29251 1.02401 0.60635 0.14786 0.77817 -0.23701 0.56251
1403715364.062143 0.28205 0.99843 0.61797 0.16734 0.76904 -0.26095 0.55900
1403715364.112143 0.27629 0.98451 0.62231 0.17544 0.76445 -0.27195 0.55756
1403715364.212143 0.26329 0.96156 0.63184 0.18910 0.75746 -0.28963 0.55373
1403715364.312143 0.24945 0.94210 0.64221 0.19420 0.75368 -0.30461 0.54906
1403715364.462143 0.22519 0.91275 0.66242 0.19326 0.75146 -0.31894 0.54427
1403715364.662143 0.18570 0.86828 0.69415 0.19133 0.74950 -0.32388 0.54474
1403715364.762143 0.15894 0.84433 0.71193 0.20290 0.74828 -0.32238 0.54312
1403715364.912143 0.11971 0.80620 0.73606 0.22307 0.75030 -0.32494 0.53075
1403715364.962143 0.10865 0.79603 0.74176 0.22960 0.75039 -0.32792 0.52600
1403715365.062143 0.08243 0.77370 0.75734 0.23857 0.74819 -0.33753 0.51901
1403715365.162143 0.05807 0.75118 0.77386 0.24881 0.74123 -0.34773 0.51745
1403715365.212143 0.04740 0.73852 0.78134 0.25389 0.73721 -0.35295 0.51719
1403715365.312143 0.02661 0.72028 0.79639 0.26350 0.73100 -0.36108 0.51559
1403715365.462143 -0.00078 0.69621 0.81599 0.27280 0.72143 -0.37663 0.51310
1403715365.512143 -0.00864 0.68997 0.82194 0.27654 0.71719 -0.38334 0.51207
1403715365.662143 -0.03645 0.67146 0.83826 0.28689 0.70111 -0.41032 0.50772
1403715365.812143 -0.06676 0.65750 0.85279 0.29712 0.68085 -0.44339 0.50156
1403715366.162143 -0.15770 0.64075 0.87732 0.31087 0.64767 -0.49203 0.49172
1403715366.312143 -0.21637 0.63410 0.88346 0.31564 0.64340 -0.49656 0.48974
1403715366.462143 -0.28692 0.62944 0.88768 0.32318 0.64840 -0.49342 0.48132
1403715366.612143 -0.36444 0.62567 0.89047 0.32807 0.65728 -0.48792 0.47148
1403715366.912143 -0.52034 0.60994 0.89339 0.32033 0.67225 -0.48319 0.46043
1403715367.312143 -0.69451 0.55510 0.91618 0.30446 0.67784 -0.48186 0.46437
1403715367.612143 -0.82309 0.46144 0.93060 0.29681 0.68251 -0.47959 0.46484
1403715367.762143 -0.88791 0.39494 0.94670 0.29657 0.68321 -0.47645 0.46720
1403715368.012143 -1.00061 0.26209 0.96826 0.30836 0.67942 -0.46645 0.47512
1403715368.312143 -1.12473 0.09952 0.98028 0.30686 0.66867 -0.47058 0.48710
1403715368.462143 -1.19289 0.01832 0.98003 0.30081 0.66163 -0.47629 0.49487
1403715368.712143 -1.34656 -0.12284 0.97808 0.31597 0.66413 -0.47011 0.48794
1403715369.012143 -1.53796 -0.27309 0.97169 0.31773 0.67336 -0.46566 0.47833
1403715369.162143 -1.63116 -0.34501 0.96867 0.30397 0.68734 -0.45388 0.47870
1403715369.412143 -1.77975 -0.47106 0.96889 0.27589 0.71713 -0.41209 0.48968
1403715369.612143 -1.88967 -0.57566 0.96840 0.24686 0.74039 -0.37124 0.50305
1403715369.862143 -1.99592 -0.69721 0.96890 0.22556 0.76052 -0.33030 0.51151
1403715370.012143 -2.03953 -0.76685 0.96133 0.22374 0.77003 -0.31811 0.50577
1403715370.162143 -2.07060 -0.83469 0.95477 0.23079 0.77243 -0.30860 0.50482
1403715370.412143 -2.10923 -0.95916 0.94635 0.21875 0.75642 -0.32067 0.52645
1403715370.562143 -2.12556 -1.03045 0.95472 0.21354 0.75093 -0.32953 0.53095
1403715370.862143 -2.16155 -1.16538 0.94232 0.22209 0.75092 -0.33160 0.52616
1403715371.012143 -2.18314 -1.23819 0.93732 0.22274 0.75609 -0.33429 0.51668
1403715371.262143 -2.20249 -1.35616 0.92918 0.21859 0.77085 -0.34094 0.49170
1403715371.562143 -2.18490 -1.55630 0.91205 0.21579 0.75837 -0.34109 0.51183
1403715371.712143 -2.16649 -1.67256 0.90296 0.20772 0.74717 -0.34457 0.52902
1403715371.962143 -2.15016 -1.87715 0.88368 0.21284 0.75192 -0.33672 0.52530
1403715372.262143 -2.13059 -2.11289 0.87223 0.21426 0.75384 -0.32605 0.52869
1403715372.412143 -2.11747 -2.23062 0.87622 0.20682 0.75908 -0.31017 0.53369
1403715372.562143 -2.10379 -2.34510 0.88967 0.19941 0.76405 -0.29367 0.53872
1403715372.862143 -2.07736 -2.56613 0.92202 0.18981 0.76867 -0.27812 0.54384
1403715373.012143 -2.06560 -2.67135 0.93576 0.18313 0.76805 -0.27979 0.54615
1403715373.162143 -2.05459 -2.77786 0.94682 0.17943 0.76680 -0.28258 0.54769
1403715373.412143 -2.04104 -2.96650 0.96395 0.18652 0.76654 -0.28228 0.54585
1403715373.562143 -2.03368 -3.07524 0.97189 0.19058 0.76773 -0.27730 0.54531
1403715373.712143 -2.02405 -3.17239 0.97707 0.19415 0.77511 -0.25579 0.54414
1403715373.862143 -2.00736 -3.26672 0.98009 0.17972 0.78316 -0.23016 0.54899
1403715374.012143 -1.98260 -3.35448 0.98336 0.15295 0.79139 -0.20185 0.55639
1403715374.162143 -1.95707 -3.42642 0.98020 0.12559 0.79945 -0.16844 0.56279
1403715374.312143 -1.93263 -3.48854 0.97977 0.09764 0.80719 -0.13461 0.56638
1403715374.412143 -1.92128 -3.52122 0.98084 0.08320 0.81269 -0.11396 0.56536
1403715374.662143 -1.87354 -3.60100 0.98773 0.06468 0.82643 -0.08770 0.55239
1403715374.962143 -1.78466 -3.67235 0.99215 0.06860 0.82642 -0.08300 0.55267
1403715375.112143 -1.72128 -3.70504 0.99340 0.07510 0.82053 -0.08450 0.56031
1403715375.262143 -1.64829 -3.73368 0.99252 0.07819 0.81708 -0.09089 0.56392
1403715375.412143 -1.57102 -3.75344 0.98867 0.08061 0.81623 -0.09909 0.56343
1403715375.562143 -1.49070 -3.76644 0.98232 0.07981 0.81529 -0.10843 0.56318
1403715375.712143 -1.40970 -3.77432 0.97286 0.08161 0.81330 -0.11470 0.56456
1403715375.862143 -1.32925 -3.77758 0.96337 0.08544 0.81067 -0.11653 0.56740
1403715376.012143 -1.25161 -3.77597 0.95407 0.09128 0.80869 -0.11391 0.56983
1403715376.212143 -1.14983 -3.76671 0.93798 0.08222 0.80613 -0.11829 0.57394
1403715376.362143 -1.08004 -3.75763 0.92678 0.07952 0.79716 -0.11786 0.58679
1403715376.512143 -1.02137 -3.74440 0.91196 0.08735 0.79646 -0.10984 0.58818
1403715376.662143 -0.97250 -3.72249 0.88837 0.08838 0.80505 -0.10488 0.57714
1403715376.812143 -0.92437 -3.69926 0.87199 0.08781 0.80567 -0.10036 0.57716
1403715376.962143 -0.88283 -3.66630 0.86045 0.08641 0.79568 -0.09472 0.59200
1403715377.062143 -0.86050 -3.63896 0.85164 0.08285 0.79294 -0.09202 0.59659
1403715377.212143 -0.84126 -3.59203 0.83661 0.08184 0.80234 -0.08614 0.58492
1403715377.362143 -0.82780 -3.53575 0.82911 0.07692 0.80551 -0.08345 0.58161
1403715377.412143 -0.81806 -3.51292 0.82357 0.07445 0.80446 -0.08336 0.58339
1403715377.512143 -0.80947 -3.46595 0.81508 0.07255 0.80304 -0.08202 0.58577
1403715377.662143 -0.79976 -3.39109 0.80172 0.06969 0.80480 -0.08176 0.58374
1403715377.812143 -0.79535 -3.30738 0.78688 0.06880 0.80726 -0.08235 0.58036
1403715377.912143 -0.79401 -3.24766 0.77656 0.06838 0.80804 -0.08281 0.57926
1403715378.062143 -0.79470 -3.15227 0.76083 0.06311 0.80736 -0.08621 0.58031
1403715378.212143 -0.80541 -3.05452 0.74529 0.05410 0.80570 -0.09115 0.58277
1403715378.362143 -0.82021 -2.95998 0.72764 0.04416 0.80968 -0.09717 0.57709
1403715378.512143 -0.84297 -2.87486 0.71142 0.04557 0.81626 -0.09656 0.56773
1403715378.662143 -0.86260 -2.80255 0.70843 0.05257 0.81997 -0.09214 0.56250
1403715378.812143 -0.88237 -2.73034 0.69639 0.05409 0.82492 -0.09116 0.55522
1403715378.912143 -0.89200 -2.68557 0.69252 0.05278 0.82758 -0.09194 0.55124
1403715379.112143 -0.89241 -2.60813 0.69769 0.05454 0.82718 -0.09087 0.55185
1403715379.262143 -0.88087 -2.55239 0.71227 0.06556 0.82399 -0.08381 0.55652
1403715379.512143 -0.84865 -2.46309 0.72808 0.07646 0.82419 -0.07707 0.55581
1403715379.662143 -0.81869 -2.40138 0.73801 0.07716 0.82724 -0.07686 0.55119
1403715379.812143 -0.77995 -2.33715 0.74702 0.07920 0.82536 -0.07513 0.55395
1403715380.062143 -0.69506 -2.18346 0.77286 0.08396 0.81602 -0.07281 0.56724
1403715380.212143 -0.63804 -2.07890 0.78263 0.07288 0.81187 -0.08201 0.57343
1403715380.362143 -0.58533 -1.96631 0.79448 0.06585 0.81231 -0.08916 0.57260
1403715380.612143 -0.50462 -1.80181 0.80734 0.07066 0.81395 -0.08648 0.57010
1403715380.762143 -0.45824 -1.69354 0.81645 0.07087 0.81336 -0.08500 0.57114
1403715380.912143 -0.41482 -1.58396 0.82556 0.07155 0.81229 -0.08352 0.57280
1403715381.062143 -0.37442 -1.46991 0.83553 0.07360 0.81147 -0.08257 0.57383
1403715381.212143 -0.33696 -1.35250 0.84499 0.06966 0.81015 -0.08859 0.57529
1403715381.312143 -0.31801 -1.28158 0.84813 0.06805 0.80862 -0.09236 0.57704
1403715381.462143 -0.29563 -1.17793 0.84870 0.06633 0.80654 -0.09952 0.57895
1403715381.612143 -0.28145 -1.08012 0.84752 0.07255 0.80446 -0.10000 0.58102
1403715381.762143 -0.27234 -0.98418 0.84050 0.07995 0.81134 -0.09751 0.57082
1403715381.912143 -0.26270 -0.88436 0.83366 0.08483 0.82005 -0.09777 0.55747
1403715382.062143 -0.24548 -0.77366 0.82806 0.09524 0.82280 -0.11163 0.54906
1403715382.212143 -0.22119 -0.66808 0.82519 0.10514 0.81902 -0.13854 0.54677
1403715382.312143 -0.19963 -0.59286 0.82341 0.11514 0.81467 -0.15858 0.54581
1403715382.462143 -0.16436 -0.50287 0.82147 0.13300 0.80708 -0.18808 0.54365
1403715382.612143 -0.12355 -0.42852 0.82013 0.14457 0.80076 -0.21287 0.54089
1403715382.762143 -0.07742 -0.35624 0.81659 0.15788 0.79554 -0.23571 0.53537
1403715382.912143 -0.02459 -0.28262 0.81199 0.17370 0.78880 -0.25720 0.53054
1403715383.062143 0.03737 -0.20591 0.80656 0.18343 0.78227 -0.28047 0.52511
1403715383.212143 0.11760 -0.12710 0.80317 0.18426 0.77820 -0.29744 0.52152
1403715383.362143 0.19376 -0.05845 0.78919 0.18386 0.77591 -0.30489 0.52077
1403715383.462143 0.24539 -0.02717 0.78163 0.18391 0.77371 -0.30671 0.52295
1403715383.612143 0.32713 0.01421 0.77090 0.19227 0.76505 -0.31199 0.52952
1403715383.762143 0.41117 0.04877 0.75742 0.20770 0.75481 -0.32803 0.52870
1403715384.012143 0.54112 0.08730 0.73351 0.24360 0.73066 -0.37581 0.51532
1403715384.062143 0.56421 0.09384 0.72682 0.25148 0.72516 -0.38690 0.51108
1403715384.212143 0.62755 0.10713 0.71695 0.27403 0.70653 -0.42008 0.49925
1403715384.362143 0.68298 0.11505 0.71318 0.29293 0.68549 -0.45273 0.48921
1403715384.512143 0.73176 0.11938 0.70705 0.30961 0.66537 -0.48372 0.47691
1403715384.762143 0.80445 0.10872 0.70179 0.33407 0.63681 -0.53111 0.44809
1403715385.012143 0.85157 0.07788 0.70604 0.35728 0.60856 -0.56223 0.43118
1403715385.162143 0.86177 0.04966 0.71338 0.37298 0.60044 -0.56819 0.42133
1403715385.712143 0.89356 -0.09667 0.74922 -0.37719 -0.57550 0.58853 -0.42446
1403715386.162143 0.84049 -0.24070 0.80556 0.39926 0.57760 -0.56868 0.42845
1403715386.862143 0.66287 -0.34322 0.82553 -0.38058 -0.56579 0.58332 -0.44133
1403715387.162143 0.52046 -0.33901 0.80519 -0.37107 -0.57249 0.58851 -0.43385
1403715387.562143 0.25570 -0.33663 0.76459 0.38186 0.58914 -0.57534 0.41962
1403715387.862143 0.03150 -0.34921 0.79671 0.36779 0.60001 -0.57696 0.41452
1403715388.262143 -0.27510 -0.42074 0.79743 0.37031 0.60265 -0.56675 0.42246
1403715388.562143 -0.49640 -0.49607 0.72297 0.37814 0.60203 -0.55947 0.42611
1403715388.862143 -0.71763 -0.57511 0.65990 0.38004 0.60180 -0.55671 0.42835
1403715389.412143 -1.10358 -0.72843 0.68308 0.38833 0.61155 -0.54236 0.42550
1403715389.862143 -1.37037 -0.85078 0.70664 0.36529 0.62273 -0.53115 0.44346
1403715389.962143 -1.42497 -0.87728 0.70654 0.35447 0.63451 -0.52250 0.44581
1403715390.562143 -1.71320 -1.11128 0.66868 0.30618 0.71277 -0.42790 0.46380
1403715390.812143 -1.77214 -1.23265 0.63838 0.27641 0.73112 -0.39247 0.48480
1403715391.112143 -1.79694 -1.39137 0.62512 0.24401 0.74323 -0.37881 0.49455
1403715391.412143 -1.79626 -1.57721 0.61169 0.22231 0.74567 -0.36308 0.51257
1403715391.712143 -1.79500 -1.80946 0.60143 0.21068 0.74722 -0.35647 0.51981
1403715391.962143 -1.78819 -2.04404 0.64674 0.20795 0.75988 -0.32498 0.52320
1403715392.562143 -1.73097 -2.63817 0.80130 0.18175 0.76641 -0.25478 0.56096
1403715392.962143 -1.70052 -2.96903 0.85817 0.13274 0.79800 -0.17815 0.56022
1403715393.212143 -1.67843 -3.14872 0.87773 0.10164 0.81252 -0.11752 0.56184
1403715393.362143 -1.65695 -3.24944 0.88794 0.08194 0.81354 -0.07565 0.57072
1403715393.512143 -1.63855 -3.32433 0.89291 0.06231 0.81379 -0.03251 0.57689
1403715393.662143 -1.61751 -3.37892 0.89367 0.03576 0.81273 0.00695 0.58150
1403715393.962143 -1.58396 -3.45053 0.88707 -0.03856 0.81786 0.06985 0.56986
1403715394.112143 -1.56993 -3.47618 0.88561 -0.06990 0.81441 0.10443 0.56653
1403715394.362143 -1.55364 -3.50207 0.87913 -0.11486 0.80004 0.17260 0.56299
1403715394.562143 -1.54299 -3.51480 0.87435 -0.14787 0.77920 0.23000 0.56399
1403715394.812143 -1.55846 -3.51453 0.86841 -0.19947 0.76090 0.29610 0.54183
1403715395.062143 -1.59556 -3.49919 0.86027 -0.24914 0.73354 0.37180 0.51148
1403715395.362143 -1.66119 -3.45431 0.84960 -0.30023 0.69185 0.44969 0.47853
1403715395.662143 -1.71886 -3.39629 0.81450 -0.33894 0.65819 0.50109 0.44812
1403715395.912143 -1.76773 -3.33144 0.77071 -0.35896 0.63504 0.53059 0.43169
1403715396.212143 -1.82350 -3.23340 0.72422 -0.38627 0.63631 0.52291 0.41530
1403715396.362143 -1.83364 -3.18464 0.70932 -0.37765 0.63101 0.52618 0.42700
1403715396.762143 -1.84910 -3.05604 0.65980 -0.37609 0.61020 0.54640 0.43320
1403715397.062143 -1.87333 -2.97526 0.61147 -0.37747 0.60998 0.56628 0.40591
1403715397.212143 -1.88664 -2.91868 0.58138 -0.38045 0.61411 0.56899 0.39290
1403715397.512143 -1.88797 -2.78081 0.52729 -0.39742 0.62148 0.56059 0.37624
1403715397.662143 -1.86871 -2.68020 0.50219 -0.40249 0.61893 0.55777 0.37923
1403715397.912143 -1.79748 -2.52023 0.48968 -0.40698 0.60673 0.55397 0.39921
1403715398.062143 -1.74372 -2.42558 0.49272 -0.40958 0.59593 0.54994 0.41795
1403715398.362143 -1.63855 -2.26667 0.46340 -0.40369 0.59270 0.54745 0.43133
1403715398.662143 -1.55296 -2.16988 0.43377 -0.39418 0.59429 0.54511 0.44079
1403715399.212143 -1.52356 -2.11974 0.40762 -0.39067 0.58508 0.54593 0.45499
1403715399.612143 -1.62103 -2.19067 0.39969 -0.37589 0.59606 0.55980 0.43594
1403715400.162143 -1.85032 -2.25737 0.41593 -0.35023 0.62568 0.54942 0.42895
1403715400.612143 -2.08903 -2.19268 0.44837 -0.30085 0.67747 0.48318 0.46590
1403715401.162143 -2.43476 -1.98672 0.45206 -0.25176 0.75740 0.36741 0.47746
1403715401.362143 -2.52341 -1.87581 0.46071 -0.23459 0.76026 0.36286 0.48508
1403715401.462143 -2.55330 -1.81175 0.47031 -0.23406 0.75859 0.36005 0.49002
1403715401.762143 -2.62405 -1.59251 0.50895 -0.25687 0.75277 0.33431 0.50556
1403715402.012143 -2.64853 -1.40769 0.53046 -0.24499 0.75193 0.32412 0.51916
1403715402.212143 -2.65059 -1.28411 0.54313 -0.24159 0.73915 0.32505 0.53818
1403715402.462143 -2.66910 -1.14851 0.54611 -0.21269 0.74476 0.31649 0.54767
1403715402.712143 -2.69854 -1.00418 0.55973 -0.18620 0.74526 0.29925 0.56600
1403715402.862143 -2.73932 -0.92010 0.55997 -0.19359 0.75847 0.28211 0.55467
1403715403.012143 -2.78879 -0.84064 0.56040 -0.20131 0.77359 0.26825 0.53765
1403715403.112143 -2.82051 -0.78912 0.56329 -0.20150 0.78435 0.26379 0.52403
1403715403.212143 -2.84692 -0.74409 0.56755 -0.20169 0.79133 0.26125 0.51466
1403715403.412143 -2.87560 -0.64865 0.57998 -0.19129 0.79159 0.26559 0.51599
1403715403.612143 -2.87622 -0.55663 0.59276 -0.17720 0.79452 0.24852 0.52495
1403715403.712143 -2.86781 -0.51454 0.59797 -0.16674 0.80137 0.23332 0.52495
1403715403.812143 -2.85205 -0.47169 0.60186 -0.15794 0.80978 0.21298 0.52340
1403715403.912143 -2.82995 -0.42405 0.60694 -0.14721 0.81593 0.19199 0.52510
1403715404.012143 -2.79825 -0.38018 0.61399 -0.13470 0.82003 0.17204 0.52897
1403715404.162143 -2.74020 -0.31542 0.62781 -0.10852 0.81832 0.14761 0.54479
1403715404.262143 -2.69685 -0.27028 0.63703 -0.08820 0.81613 0.13599 0.55468
1403715404.612143 -2.53527 -0.08491 0.64662 -0.05580 0.81234 0.11621 0.56876
1403715404.762143 -2.47225 0.00930 0.64193 -0.06581 0.81064 0.10544 0.57220
1403715404.912143 -2.41124 0.10584 0.63411 -0.06833 0.81141 0.09204 0.57312
1403715405.012143 -2.37186 0.16573 0.62704 -0.06645 0.81047 0.07661 0.57693
1403715405.112143 -2.33485 0.22279 0.62048 -0.06269 0.81060 0.05429 0.57969
1403715405.212143 -2.29980 0.27609 0.61281 -0.05335 0.81331 0.02719 0.57874
1403715405.262143 -2.28262 0.29992 0.60950 -0.04679 0.81469 0.01262 0.57787
1403715405.312143 -2.26467 0.32507 0.60607 -0.03783 0.81591 -0.00115 0.57694
1403715405.412143 -2.23455 0.36766 0.59862 -0.01730 0.81820 -0.02723 0.57403
1403715405.512143 -2.20491 0.40614 0.59159 0.00232 0.81968 -0.05421 0.57025
1403715405.612143 -2.17552 0.44087 0.58360 0.02514 0.81990 -0.07905 0.56646
1403715405.712143 -2.14456 0.47243 0.57542 0.05056 0.82115 -0.10000 0.55960
1403715405.762143 -2.12751 0.48629 0.57257 0.06231 0.82115 -0.11032 0.55647
1403715405.862143 -2.09634 0.51048 0.56550 0.08231 0.82111 -0.13260 0.54901
1403715405.962143 -2.06144 0.53524 0.55847 0.09921 0.81543 -0.15817 0.54792
1403715406.012143 -2.03996 0.54920 0.55499 0.10890 0.81044 -0.17066 0.54973
1403715406.112143 -1.99907 0.57406 0.54523 0.12702 0.80049 -0.19641 0.55181
1403715406.162143 -1.97679 0.58745 0.53920 0.13551 0.79589 -0.20949 0.55164
1403715406.262143 -1.93192 0.61261 0.52398 0.15183 0.78747 -0.23516 0.54912
1403715406.312143 -1.90871 0.62428 0.51603 0.15939 0.78374 -0.24775 0.54678
1403715406.362143 -1.88759 0.63435 0.50807 0.16489 0.78035 -0.26117 0.54374
1403715406.462143 -1.84725 0.65372 0.49008 0.17414 0.77338 -0.28825 0.53710
1403715406.512143 -1.82542 0.66216 0.47995 0.17957 0.77000 -0.30088 0.53323
1403715406.562143 -1.80432 0.67018 0.46925 0.18474 0.76612 -0.31348 0.52977
1403715406.662143 -1.76571 0.68258 0.44948 0.19691 0.75725 -0.33602 0.52430
1403715406.712143 -1.74701 0.68608 0.44018 0.20353 0.75260 -0.34625 0.52180
1403715406.812143 -1.71099 0.69007 0.42019 0.22059 0.74257 -0.36441 0.51685
1403715406.862143 -1.69391 0.68952 0.41132 0.22932 0.73755 -0.37320 0.51396
1403715406.962143 -1.66046 0.68684 0.39370 0.24640 0.72768 -0.39044 0.50726
1403715407.012143 -1.64303 0.68401 0.38546 0.25353 0.72291 -0.39943 0.50357
1403715407.112143 -1.61015 0.67610 0.36988 0.26495 0.71365 -0.41883 0.49507
1403715407.162143 -1.59292 0.67053 0.36250 0.26959 0.70997 -0.42819 0.48982
1403715407.262143 -1.56290 0.65839 0.34866 0.27460 0.70748 -0.44419 0.47620
1403715407.412143 -1.51667 0.62930 0.33304 0.28036 0.70702 -0.45731 0.46085
1403715407.512143 -1.48145 0.60004 0.32838 0.28611 0.70397 -0.45937 0.45995
1403715407.712143 -1.40984 0.52338 0.32586 0.30134 0.69930 -0.45211 0.46451
1403715407.962143 -1.30499 0.41335 0.33326 0.31005 0.69961 -0.44093 0.46904
1403715408.262143 -1.17229 0.28687 0.40227 0.30293 0.69466 -0.44180 0.48009
1403715408.562143 -1.02619 0.15501 0.47033 0.29986 0.69210 -0.42661 0.49908
1403715408.862143 -0.88493 0.03987 0.44731 0.27660 0.70932 -0.37348 0.52997
1403715409.212143 -0.76157 -0.02825 0.45362 0.21394 0.74492 -0.30268 0.55472
1403715409.812143 -0.66906 -0.08244 0.54589 0.19430 0.77195 -0.28582 0.53352
1403715410.362143 -0.57442 -0.15046 0.63975 0.21049 0.76354 -0.30306 0.52996
1403715410.562143 -0.52737 -0.18298 0.62952 0.21980 0.76453 -0.29600 0.52875
1403715411.362143 -0.32741 -0.21389 0.59191 0.18731 0.76151 -0.28673 0.55027
1403715411.762143 -0.29089 -0.19561 0.57102 0.18677 0.76443 -0.27655 0.55162
1403715412.212143 -0.30453 -0.16126 0.54436 0.18425 0.76850 -0.27549 0.54732
1403715412.512143 -0.32593 -0.13330 0.52710 0.18319 0.77196 -0.27803 0.54150
1403715413.712143 -0.36631 -0.07432 0.35810 0.18638 0.76617 -0.27983 0.54767
1403715413.862143 -0.37728 -0.07064 0.32866 0.19082 0.76847 -0.27767 0.54401
1403715414.062143 -0.39191 -0.06535 0.28349 0.19386 0.76895 -0.27547 0.54337
1403715414.612143 -0.39012 -0.02989 0.29714 0.19390 0.77916 -0.27841 0.52708
1403715414.762143 -0.37090 -0.02113 0.28264 0.19128 0.77169 -0.28129 0.53739
1403715415.062143 -0.33051 -0.00965 0.22992 0.16986 0.75927 -0.30323 0.55019
1403715415.362143 -0.32115 -0.02097 0.17426 0.18670 0.75813 -0.30233 0.54679
1403715415.512143 -0.32763 -0.03179 0.16070 0.20885 0.76158 -0.29234 0.53937
1403715415.612143 -0.33023 -0.03698 0.15280 0.21519 0.76157 -0.28978 0.53826
1403715415.762143 -0.33293 -0.03814 0.13443 0.21691 0.76209 -0.29130 0.53602
1403715415.912143 -0.32978 -0.03452 0.13869 0.21925 0.75931 -0.29044 0.53946
