1413393892.005760 -0.22003 0.58122 0.24375 0.05513 0.76837 -0.05564 0.63520
1413393892.055760 -0.28932 0.59072 0.23538 0.05461 0.78282 -0.05693 0.61723
1413393892.155761 -0.43247 0.64808 0.24510 0.05507 0.80230 -0.05882 0.59145
1413393892.205760 -0.51716 0.66424 0.26112 0.05548 0.80778 -0.05927 0.58387
1413393892.305760 -0.67049 0.72573 0.27859 0.05752 0.81264 -0.06036 0.57677
1413393892.455760 -0.88772 0.81628 0.28645 0.05938 0.81838 -0.06313 0.56810
1413393892.605761 -1.09764 0.90497 0.26998 0.06090 0.82298 -0.06530 0.56101
1413393892.655761 -1.15405 0.92668 0.25801 0.05985 0.82737 -0.06428 0.55475
1413393892.755760 -1.26847 0.97828 0.23426 0.05911 0.84092 -0.06475 0.53401
1413393892.855761 -1.36525 1.02795 0.21237 0.05888 0.85539 -0.06459 0.51055
1413393892.905761 -1.40349 1.05027 0.20224 0.05758 0.86177 -0.06463 0.49986
1413393893.005760 -1.46910 1.09998 0.18887 0.05669 0.87127 -0.06333 0.48339
1413393893.155761 -1.51577 1.17019 0.18332 0.05391 0.87280 -0.06115 0.48123
1413393893.305760 -1.50649 1.23657 0.19163 0.05135 0.86383 -0.06061 0.49748
1413393893.455760 -1.45077 1.29813 0.20893 0.03799 0.85752 -0.07169 0.50800
1413393893.605761 -1.35720 1.35013 0.23029 0.02588 0.85391 -0.07853 0.51381
1413393893.705760 -1.27606 1.37680 0.24428 0.01771 0.85307 -0.08351 0.51476
1413393893.755760 -1.22956 1.38611 0.25179 0.01458 0.85097 -0.08545 0.51801
1413393893.855761 -1.12743 1.39795 0.26978 0.01433 0.84393 -0.08620 0.52929
1413393893.905761 -1.07186 1.40083 0.27881 0.01624 0.83866 -0.08428 0.53785
1413393894.005760 -0.95611 1.40023 0.29952 0.01993 0.82746 -0.08172 0.55519
1413393894.055760 -0.89601 1.39779 0.30866 0.02094 0.82432 -0.07995 0.56007
1413393894.155761 -0.77539 1.38778 0.33037 0.02034 0.82091 -0.07959 0.56512
1413393894.305760 -0.59149 1.36008 0.36332 0.01667 0.81945 -0.08187 0.56703
1413393894.455760 -0.40410 1.31965 0.37096 0.01932 0.81875 -0.07963 0.56827
1413393894.555760 -0.27642 1.28663 0.35543 0.02435 0.81697 -0.07640 0.57108
1413393894.705760 -0.08662 1.22881 0.32051 0.03136 0.81453 -0.07189 0.57479
1413393894.855761 0.10338 1.16385 0.29016 0.03198 0.81265 -0.06947 0.57771
1413393895.005760 0.28806 1.09601 0.26990 0.03493 0.80454 -0.06520 0.58928
1413393895.055760 0.34811 1.07365 0.26450 0.03527 0.80100 -0.06394 0.59420
1413393895.155761 0.46604 1.02734 0.25577 0.03722 0.80081 -0.06133 0.59460
1413393895.305760 0.63387 0.95855 0.24627 0.03777 0.80318 -0.06011 0.59149
1413393895.405761 0.74220 0.91303 0.23411 0.03882 0.79987 -0.05930 0.59598
1413393895.555760 0.89635 0.84215 0.19997 0.04380 0.79819 -0.06433 0.59735
1413393895.705760 1.04130 0.76889 0.17010 0.05742 0.79502 -0.07881 0.59869
1413393895.755760 1.08990 0.74411 0.16141 0.06345 0.79325 -0.08598 0.59945
1413393895.855761 1.18095 0.69383 0.14845 0.07895 0.78805 -0.10440 0.60154
1413393895.905761 1.22035 0.67076 0.14228 0.08941 0.78599 -0.11557 0.60073
1413393896.005760 1.29360 0.62378 0.13426 0.11130 0.78291 -0.14252 0.59528
1413393896.055760 1.33036 0.60080 0.12853 0.12404 0.78063 -0.15765 0.59192
1413393896.155761 1.40094 0.55569 0.12094 0.15155 0.77269 -0.18935 0.58663
1413393896.255760 1.45876 0.52007 0.11865 0.18204 0.75840 -0.22010 0.58588
1413393896.305760 1.48582 0.50475 0.11723 0.19723 0.75031 -0.23489 0.58564
1413393896.405761 1.53131 0.47961 0.11913 0.22352 0.73177 -0.26886 0.58504
1413393896.455760 1.55403 0.46950 0.12038 0.22961 0.72128 -0.29057 0.58532
1413393896.555760 1.58445 0.45928 0.12783 0.23874 0.70556 -0.33657 0.57612
1413393896.605761 1.59943 0.45365 0.13146 0.24286 0.69929 -0.35916 0.56834
1413393896.705760 1.61583 0.44628 0.14258 0.25049 0.68563 -0.40235 0.55253
1413393896.755760 1.62329 0.44043 0.14937 0.25266 0.67794 -0.42392 0.54484
1413393896.855761 1.63225 0.42949 0.16508 0.25637 0.66192 -0.46488 0.52917
1413393896.905761 1.61929 0.42111 0.17452 0.25736 0.65567 -0.48533 0.51799
1413393897.005760 1.59824 0.40415 0.17984 0.26363 0.65372 -0.51767 0.48495
1413393897.105761 1.56788 0.36725 0.20102 0.28327 0.66735 -0.53031 0.43952
1413393897.155761 1.54929 0.34386 0.20721 0.29861 0.67365 -0.52883 0.42116
1413393897.255760 1.52391 0.28708 0.21769 0.34057 0.68014 -0.51160 0.39960
1413393897.305760 1.51529 0.25358 0.21714 0.36421 0.67966 -0.49773 0.39710
1413393897.405761 1.50275 0.18409 0.22631 0.39197 0.67189 -0.48073 0.40475
1413393897.455760 1.50725 0.14755 0.23043 0.39415 0.66499 -0.48055 0.41412
1413393897.555760 1.52359 0.08168 0.23825 0.39035 0.65395 -0.48330 0.43174
1413393897.705760 1.57046 -0.03170 0.23687 0.37776 0.65069 -0.49064 0.43951
1413393897.855761 1.63646 -0.13679 0.24825 0.37716 0.65350 -0.48975 0.43685
1413393897.955760 1.68147 -0.20343 0.25923 0.38490 0.65281 -0.49104 0.42962
1413393898.005760 1.70958 -0.23462 0.26339 0.39228 0.65080 -0.49256 0.42423
1413393898.105761 1.75783 -0.29714 0.28183 0.41575 0.63925 -0.49550 0.41593
1413393898.155761 1.77912 -0.33203 0.29663 0.42945 0.62628 -0.49751 0.41931
1413393898.255760 1.85064 -0.37246 0.31429 0.45483 0.59090 -0.50374 0.43614
1413393898.305760 1.88694 -0.39053 0.32818 0.46424 0.57276 -0.50613 0.44751
1413393898.405761 1.96490 -0.41773 0.35216 0.47551 0.53397 -0.51097 0.47714
1413393898.455760 2.00779 -0.42525 0.36298 0.47805 0.51515 -0.51181 0.49410
1413393898.555760 2.08701 -0.41518 0.37562 -0.46166 -0.49645 0.52839 -0.51109
1413393898.605761 2.12938 -0.41036 0.38014 -0.44317 -0.50317 0.54529 -0.50307
1413393898.705760 2.19771 -0.37141 0.37652 -0.40069 -0.52385 0.58255 -0.47504
1413393898.805760 2.25925 -0.32840 0.36650 -0.35496 -0.55176 0.61897 -0.43179
1413393898.855761 2.28825 -0.31024 0.36264 -0.33383 -0.56533 0.63481 -0.40741
1413393898.955760 2.32296 -0.27693 0.36080 -0.30529 -0.58500 0.65669 -0.36515
1413393899.005760 2.33582 -0.27062 0.36378 -0.29841 -0.59477 0.66191 -0.34507
1413393899.105761 2.34989 -0.28486 0.38113 -0.31848 -0.60967 0.65139 -0.32025
1413393899.155761 2.35589 -0.30740 0.39715 -0.34559 -0.60851 0.63591 -0.32543
1413393899.255760 2.36864 -0.36923 0.43948 -0.41331 -0.58517 0.59374 -0.36636
1413393899.305760 2.37671 -0.40193 0.46242 -0.44514 -0.56533 0.57039 -0.39612
1413393899.405761 2.39704 -0.45841 0.50591 -0.48937 -0.52628 0.53029 -0.44982
1413393899.455760 2.40844 -0.47798 0.52758 0.50230 0.50964 -0.51541 0.47150
1413393899.555760 2.43297 -0.49431 0.57026 0.51407 0.47619 -0.49211 0.51653
1413393899.655761 2.45623 -0.47229 0.60456 0.50234 0.46085 -0.48968 0.54358
1413393899.705760 2.46659 -0.44649 0.61657 0.48546 0.46589 -0.49932 0.54586
1413393899.805760 2.47958 -0.36901 0.63301 -0.43257 -0.49534 0.53926 -0.52605
1413393899.855761 2.48132 -0.31948 0.63888 -0.40018 -0.51274 0.56306 -0.50982
1413393899.955760 2.47205 -0.21093 0.64286 -0.33145 -0.55021 0.61200 -0.46137
1413393900.005760 2.46148 -0.15424 0.64140 -0.30322 -0.56442 0.63194 -0.43605
1413393900.105761 2.42385 -0.06225 0.64497 -0.27195 -0.58247 0.65683 -0.39413
1413393900.155761 2.39926 -0.02309 0.64504 -0.26973 -0.59040 0.66155 -0.37554
1413393900.255760 2.33567 0.03323 0.64497 -0.28075 -0.60745 0.65901 -0.34336
1413393900.305760 2.29837 0.05207 0.64167 -0.29664 -0.61573 0.65055 -0.33115
1413393900.405761 2.22357 0.05875 0.63914 -0.34225 -0.62102 0.62455 -0.32732
1413393900.505760 2.15468 0.04076 0.63184 0.39389 0.60903 -0.59323 0.34930
1413393900.555760 2.12348 0.02776 0.62556 0.41941 0.59776 -0.57621 0.36710
1413393900.655761 2.06855 -0.00037 0.60566 0.46699 0.56490 -0.54041 0.41323
1413393900.705760 2.04392 -0.00785 0.59051 0.48489 0.54692 -0.52498 0.43607
1413393900.805760 2.00288 -0.01326 0.55514 0.50065 0.51952 -0.50770 0.47084
1413393900.955760 1.94334 0.03590 0.49750 -0.46790 -0.51473 0.53034 -0.48463
1413393901.005760 1.92472 0.06387 0.48000 -0.44633 -0.52120 0.54703 -0.47948
1413393901.105761 1.87821 0.13571 0.44568 -0.40369 -0.54347 0.57945 -0.45377
1413393901.155761 1.85154 0.17232 0.42986 -0.38452 -0.55993 0.59397 -0.43106
1413393901.255760 1.79575 0.24299 0.40104 -0.36257 -0.59180 0.60949 -0.38320
1413393901.355761 1.73540 0.29813 0.39477 -0.35172 -0.61141 0.61646 -0.34992
1413393901.405761 1.69779 0.32872 0.37353 -0.34746 -0.61780 0.61863 -0.33897
1413393901.655761 1.57779 0.31920 0.35147 0.36079 0.63527 -0.60709 0.31258
1413393901.705760 1.56267 0.29685 0.35326 0.37961 0.63179 -0.59530 0.31993
1413393901.805760 1.54097 0.23665 0.36375 0.41483 0.61676 -0.57194 0.34698
1413393901.855761 1.53631 0.20249 0.37231 0.42515 0.60720 -0.56597 0.36088
1413393902.105761 1.53455 0.02121 0.38717 0.42432 0.59104 -0.57089 0.38041
1413393902.255760 1.55915 -0.09336 0.39319 0.42676 0.59084 -0.56991 0.37945
1413393902.405761 1.59663 -0.21016 0.41281 0.42962 0.59025 -0.56836 0.37947
1413393902.505760 1.61965 -0.29567 0.41045 0.43480 0.58753 -0.56462 0.38336
1413393902.655761 1.68741 -0.40819 0.41114 0.43420 0.58707 -0.56544 0.38354
1413393902.805760 1.76750 -0.52769 0.44511 0.42531 0.58576 -0.57259 0.38488
1413393902.955760 1.86981 -0.65551 0.49023 -0.39018 -0.57944 0.59877 -0.39177
1413393903.055760 1.93775 -0.75174 0.52213 -0.37160 -0.57449 0.61271 -0.39555
1413393903.205760 2.01853 -0.89656 0.57695 -0.38458 -0.57095 0.60523 -0.39977
1413393903.255760 2.04376 -0.95131 0.59343 -0.39254 -0.56928 0.60145 -0.40011
1413393903.405761 2.11130 -1.11222 0.63457 -0.41544 -0.55618 0.60356 -0.39216
1413393903.505760 2.15130 -1.21821 0.64245 -0.42696 -0.53471 0.61884 -0.38577
1413393903.555760 2.16845 -1.26706 0.63689 -0.43289 -0.52119 0.62758 -0.38356
1413393903.705760 2.22070 -1.41895 0.61851 -0.45412 -0.47328 0.64784 -0.38742
1413393903.805760 2.24931 -1.51076 0.60497 -0.46143 -0.44789 0.66166 -0.38558
1413393904.055760 2.27808 -1.69600 0.59543 -0.45266 -0.41178 0.69212 -0.38276
1413393904.205760 2.26203 -1.78059 0.58209 -0.45861 -0.41600 0.69413 -0.36717
1413393904.355761 2.22513 -1.84947 0.57721 -0.46497 -0.42339 0.69190 -0.35471
1413393904.505760 2.16703 -1.90235 0.61172 -0.47103 -0.41941 0.69388 -0.34750
1413393904.555760 2.14313 -1.91937 0.62930 -0.47604 -0.41721 0.69501 -0.34101
1413393904.655761 2.09025 -1.95138 0.66254 -0.48179 -0.42342 0.70388 -0.30520
1413393904.755760 2.03510 -1.98111 0.68489 -0.48071 -0.42455 0.71970 -0.26589
1413393904.805760 2.00541 -1.99981 0.69376 -0.48083 -0.42139 0.72723 -0.24972
1413393904.955760 1.91744 -2.06675 0.71326 -0.49979 -0.39670 0.73817 -0.21897
1413393905.055760 1.86133 -2.12300 0.71763 0.52663 0.36858 -0.73616 0.21184
1413393905.105761 1.83500 -2.15229 0.71433 0.53752 0.35446 -0.73642 0.20765
1413393905.205760 1.78419 -2.21953 0.69638 0.55257 0.32393 -0.74120 0.20088
1413393905.255760 1.76155 -2.25557 0.68346 0.55749 0.30801 -0.74513 0.19778
1413393905.355761 1.72056 -2.32649 0.65579 0.56346 0.27589 -0.75479 0.19154
1413393905.405761 1.70258 -2.36242 0.64237 0.56543 0.26163 -0.75966 0.18643
1413393905.505760 1.67012 -2.43045 0.61964 0.56890 0.23303 -0.76907 0.17488
1413393905.605761 1.64143 -2.49516 0.59893 0.56595 0.19991 -0.78205 0.16772
1413393905.655761 1.62762 -2.52489 0.58956 0.56463 0.18270 -0.78786 0.16457
1413393905.755760 1.60032 -2.57847 0.57522 0.56532 0.14703 -0.79586 0.15939
1413393905.805760 1.58605 -2.60249 0.56964 0.56444 0.12932 -0.79989 0.15768
1413393905.905761 1.55478 -2.64270 0.55934 0.55266 0.09644 -0.81345 0.15349
1413393905.955760 1.53787 -2.65772 0.55524 0.54481 0.08296 -0.82116 0.14827
1413393906.055760 1.49441 -2.67830 0.55350 0.53740 0.06526 -0.83123 0.12646
1413393906.105761 1.46903 -2.68398 0.55509 0.53953 0.06302 -0.83270 0.10748
1413393906.205760 1.41107 -2.68921 0.55832 0.55438 0.06124 -0.82702 0.07035
1413393906.255760 1.38060 -2.69045 0.55561 0.56545 0.06004 -0.82081 0.05405
1413393906.355761 1.31646 -2.69244 0.54331 0.58299 0.05534 -0.81008 0.02870
1413393906.455760 1.25172 -2.69724 0.51867 0.59225 0.04601 -0.80431 0.01453
1413393906.605761 1.16835 -2.70831 0.45815 0.59891 0.02081 -0.80049 0.00927
1413393906.755760 1.09084 -2.72346 0.38079 0.60030 -0.01739 -0.79910 0.02783
1413393906.955760 1.00456 -2.72525 0.28751 0.61068 -0.03957 -0.79009 0.03542
1413393907.105761 0.95927 -2.70468 0.22175 0.61081 -0.02789 -0.79116 0.01375
1413393907.205760 0.94111 -2.68419 0.17950 0.60629 -0.01579 -0.79507 -0.00558
1413393907.305760 0.92800 -2.66458 0.13960 0.60114 0.00426 -0.79834 -0.03568
1413393907.455760 0.91947 -2.65205 0.09123 0.59347 0.01596 -0.80271 -0.05660
1413393907.605761 0.91994 -2.66921 0.08150 0.59404 -0.00722 -0.80402 -0.02489
1413393907.755760 0.92071 -2.69438 0.07491 0.58935 -0.02043 -0.80759 -0.00715
1413393908.155761 0.95216 -2.74794 -0.09910 0.59591 -0.01826 -0.80264 -0.01806
1413393908.605761 1.06316 -2.82414 -0.20790 0.59438 -0.02536 -0.80357 -0.01853
1413393908.755760 1.11471 -2.85139 -0.23756 0.58825 -0.05326 -0.80677 0.01570
1413393908.905761 1.16960 -2.86021 -0.24019 0.60597 -0.06426 -0.79250 0.02496
1413393909.005760 1.21159 -2.85013 -0.22671 0.60422 -0.04734 -0.79541 -0.00262
1413393909.155761 1.28709 -2.83078 -0.19357 0.59426 -0.03132 -0.80294 -0.03400
1413393909.305760 1.36894 -2.81576 -0.16267 0.59398 -0.02955 -0.80260 -0.04639
1413393909.505760 1.48333 -2.81123 -0.15881 0.59228 -0.03345 -0.80331 -0.05268
1413393909.605761 1.53738 -2.81438 -0.17289 0.58398 -0.03649 -0.80919 -0.05332
1413393909.655761 1.58447 -2.82057 -0.18196 0.57570 -0.03844 -0.81497 -0.05391
1413393909.755760 1.64967 -2.82991 -0.21255 0.55638 -0.04330 -0.82789 -0.05621
1413393909.855761 1.69774 -2.84399 -0.25149 0.54133 -0.04900 -0.83734 -0.05844
1413393909.905761 1.72624 -2.85311 -0.27491 0.53446 -0.05191 -0.84148 -0.05973
1413393910.055760 1.76239 -2.87952 -0.34415 0.51951 -0.05894 -0.85005 -0.06358
1413393910.155761 1.77004 -2.90190 -0.38138 0.51172 -0.06653 -0.85433 -0.06192
1413393910.305760 1.73636 -2.93520 -0.39962 0.50318 -0.07373 -0.85888 -0.06090
1413393910.455760 1.65822 -2.96498 -0.38748 -0.48674 0.09162 0.86769 0.04262
1413393910.605761 1.53659 -2.98316 -0.37258 -0.48399 0.09845 0.86911 0.02669
1413393910.705760 1.43322 -2.98597 -0.37311 -0.49706 0.09543 0.86221 0.02055
1413393910.855761 1.24983 -2.97616 -0.39164 0.52061 -0.08250 -0.84965 -0.01580
1413393911.005760 1.04132 -2.95092 -0.42869 0.55103 -0.06032 -0.83215 -0.01570
1413393911.055760 0.96998 -2.94076 -0.44583 0.56011 -0.05273 -0.82661 -0.01434
1413393911.155761 0.82556 -2.91898 -0.48104 0.57188 -0.04059 -0.81928 -0.00873
1413393911.205760 0.75148 -2.90778 -0.50003 0.57586 -0.03474 -0.81678 -0.00758
1413393911.305760 0.60700 -2.88298 -0.53619 0.58118 -0.02668 -0.81332 -0.00602
1413393911.355761 0.53540 -2.86996 -0.55183 0.58891 -0.02295 -0.80783 -0.00762
1413393911.455760 0.39582 -2.84380 -0.57966 0.60565 -0.01698 -0.79543 -0.01387
1413393911.555760 0.26897 -2.82099 -0.60389 0.61423 -0.01371 -0.78872 -0.02139
1413393911.605761 0.21112 -2.81080 -0.60998 0.61753 -0.01369 -0.78606 -0.02402
1413393911.705760 0.10462 -2.79460 -0.61055 0.62423 -0.01436 -0.78056 -0.02944
1413393911.855761 -0.02291 -2.78257 -0.58840 0.59979 -0.02108 -0.79918 -0.03331
1413393912.005760 -0.12942 -2.78320 -0.53415 0.55780 -0.04877 -0.82851 -0.00695
1413393912.055760 -0.16404 -2.78348 -0.50731 0.54061 -0.05739 -0.83931 0.00070
1413393912.305760 -0.40834 -2.75066 -0.35242 -0.49828 0.07771 0.86349 -0.00773
1413393912.405761 -0.53387 -2.72023 -0.28981 0.50718 -0.07993 -0.85811 0.00444
1413393912.455760 -0.61103 -2.69977 -0.25628 0.51935 -0.08005 -0.85080 0.00172
1413393912.555760 -0.76646 -2.65455 -0.19084 0.54613 -0.07784 -0.83407 -0.00268
1413393912.605761 -0.84680 -2.62938 -0.16316 0.55541 -0.07626 -0.82806 -0.00441
1413393912.705760 -1.00241 -2.57663 -0.11705 0.57178 -0.06972 -0.81738 -0.01004
1413393912.755760 -1.08094 -2.54884 -0.10064 0.57924 -0.06605 -0.81236 -0.01347
1413393912.855761 -1.23297 -2.49020 -0.07327 0.58977 -0.06236 -0.80481 -0.02346
1413393912.905761 -1.30630 -2.45972 -0.06478 0.59245 -0.06390 -0.80253 -0.02937
1413393913.005760 -1.45142 -2.39679 -0.05478 0.59375 -0.07761 -0.80004 -0.03723
1413393913.055760 -1.52183 -2.36407 -0.05305 0.59403 -0.08921 -0.79855 -0.03857
1413393913.155761 -1.65781 -2.29715 -0.05362 0.60006 -0.11793 -0.79009 -0.04218
1413393913.255760 -1.78457 -2.22615 -0.06160 0.60531 -0.15094 -0.78008 -0.04791
1413393913.305760 -1.84538 -2.18784 -0.06828 0.60500 -0.16804 -0.77648 -0.05305
1413393913.405761 -1.95222 -2.10868 -0.08764 0.59988 -0.20331 -0.77104 -0.06554
1413393913.455760 -2.00163 -2.06545 -0.09625 0.59892 -0.22236 -0.76594 -0.07197
1413393913.555760 -2.09308 -1.96909 -0.10647 0.60120 -0.25647 -0.75102 -0.09359
1413393913.605761 -2.13091 -1.91792 -0.10965 0.60267 -0.27147 -0.74258 -0.10799
1413393913.705760 -2.19778 -1.80677 -0.10837 0.60521 -0.29850 -0.72443 -0.14079
1413393913.755760 -2.22517 -1.74794 -0.10442 0.60577 -0.31201 -0.71498 -0.15652
1413393913.855761 -2.26670 -1.62722 -0.09237 0.60243 -0.33913 -0.69845 -0.18504
1413393913.905761 -2.27869 -1.56600 -0.08691 0.59940 -0.35346 -0.69077 -0.19649
1413393914.005760 -2.28446 -1.45011 -0.06861 0.59000 -0.37560 -0.67720 -0.22853
1413393914.105761 -2.26743 -1.34148 -0.04772 0.57740 -0.39266 -0.66376 -0.26804
1413393914.155761 -2.24935 -1.29088 -0.04252 0.56508 -0.40130 -0.66092 -0.28780
1413393914.255760 -2.21137 -1.19566 -0.02213 0.52949 -0.42566 -0.66171 -0.31717
1413393914.305760 -2.18705 -1.15183 -0.01734 0.51425 -0.43904 -0.65978 -0.32785
1413393914.405761 -2.14203 -1.06816 0.00605 -0.48911 0.46622 0.65078 0.34625
1413393914.455760 -2.11667 -1.03241 0.01768 -0.48002 0.48181 0.64359 0.35103
1413393914.555760 -2.07098 -0.96183 0.04685 -0.46693 0.51051 0.62603 0.35977
1413393914.605761 -2.04673 -0.92741 0.06176 -0.46328 0.52314 0.61570 0.36415
1413393914.705760 -1.99949 -0.85886 0.09371 -0.45515 0.54795 0.59515 0.37201
1413393914.755760 -1.97341 -0.82530 0.10917 -0.45195 0.56159 0.58384 0.37350
1413393914.855761 -1.91806 -0.75869 0.14031 -0.43999 0.58734 0.56505 0.37703
1413393914.955760 -1.85700 -0.69109 0.17168 -0.41919 0.60164 0.55870 0.38750
1413393915.005760 -1.82930 -0.65887 0.18985 -0.40643 0.60687 0.55944 0.39187
1413393915.105761 -1.75783 -0.58412 0.21731 -0.38773 0.61312 0.56120 0.39850
1413393915.155761 -1.72383 -0.54585 0.23166 -0.38052 0.61545 0.56210 0.40058
1413393915.255760 -1.65875 -0.46488 0.25774 -0.37273 0.61728 0.56320 0.40354
1413393915.405761 -1.55717 -0.33331 0.28496 -0.37511 0.60252 0.56966 0.41441
1413393915.455760 -1.54037 -0.28042 0.28059 -0.37697 0.59021 0.57537 0.42248
1413393915.555760 -1.47989 -0.18615 0.29082 -0.38233 0.56971 0.58448 0.43316
1413393915.605761 -1.46794 -0.13858 0.29359 -0.38812 0.56352 0.58639 0.43354
1413393915.705760 -1.43484 -0.04703 0.30175 -0.39700 0.55671 0.58936 0.43025
1413393915.805760 -1.40886 0.04331 0.31060 -0.40022 0.54876 0.59434 0.43063
1413393915.955760 -1.38482 0.16928 0.32658 -0.39972 0.54104 0.60212 0.43006
1413393916.105761 -1.38424 0.29002 0.34590 -0.40013 0.53085 0.60576 0.43722
1413393916.255760 -1.40465 0.39669 0.36631 -0.40525 0.53127 0.59836 0.44215
1413393916.405761 -1.44204 0.49557 0.38983 -0.40686 0.55827 0.57589 0.43720
1413393916.455760 -1.45971 0.52704 0.39561 -0.40266 0.56914 0.56736 0.43823
1413393916.555760 -1.49208 0.58266 0.42599 -0.39044 0.59275 0.54718 0.44362
1413393916.655761 -1.52618 0.63860 0.42983 -0.36789 0.62046 0.52588 0.45071
1413393916.705760 -1.53982 0.66777 0.45041 -0.35507 0.63589 0.51353 0.45371
1413393916.805760 -1.57603 0.72176 0.47184 -0.33190 0.66273 0.48486 0.46427
1413393916.855761 -1.59415 0.75269 0.48465 -0.32118 0.67343 0.46853 0.47310
1413393916.955760 -1.63107 0.80887 0.50711 -0.30646 0.69514 0.43052 0.48735
1413393917.005760 -1.65132 0.84238 0.52359 -0.30339 0.70554 0.40734 0.49420
1413393917.105761 -1.68592 0.89674 0.54842 -0.29536 0.72475 0.36178 0.50658
1413393917.155761 -1.70081 0.92245 0.56344 -0.28838 0.73305 0.34042 0.51340
1413393917.255760 -1.72612 0.96470 0.59226 -0.27209 0.75057 0.30014 0.52204
1413393917.305760 -1.73621 0.98334 0.60815 -0.25993 0.76064 0.28292 0.52328
1413393917.405761 -1.75328 1.01672 0.63452 -0.23530 0.78024 0.24665 0.52442
1413393917.505760 -1.76272 1.03684 0.64796 -0.20711 0.79746 0.20865 0.52691
1413393917.555760 -1.76458 1.05351 0.65420 -0.19317 0.80595 0.18805 0.52704
1413393917.655761 -1.76251 1.06723 0.65376 -0.15567 0.81930 0.15120 0.53072
1413393917.705760 -1.75782 1.07875 0.65268 -0.13508 0.82329 0.13343 0.53492
1413393917.805760 -1.74409 1.08608 0.64417 -0.09594 0.82299 0.09590 0.55162
1413393917.855761 -1.73396 1.09332 0.64148 -0.07993 0.82078 0.07495 0.56063
1413393918.005760 -1.70192 1.09717 0.63265 -0.04337 0.81846 0.00632 0.57288
1413393918.105761 -1.67976 1.09203 0.62984 -0.02189 0.81734 -0.03874 0.57444
1413393918.155761 -1.66221 1.08915 0.62787 -0.01084 0.81737 -0.06025 0.57285
1413393918.255760 -1.64247 1.07408 0.62692 0.00954 0.81670 -0.10325 0.56768
1413393918.405761 -1.60288 1.03392 0.63216 0.04343 0.81062 -0.16468 0.56026
1413393918.555760 -1.56314 0.96684 0.64151 0.08257 0.79970 -0.22617 0.55001
1413393918.655761 -1.53660 0.90656 0.65052 0.11514 0.78425 -0.26701 0.54809
1413393918.705760 -1.52455 0.87321 0.65669 0.13057 0.77357 -0.28900 0.54866
1413393918.805760 -1.50415 0.79597 0.66629 0.15827 0.74880 -0.33839 0.54749
1413393918.855761 -1.49540 0.75471 0.67319 0.17128 0.73243 -0.36487 0.54870
1413393918.955760 -1.48659 0.66362 0.68430 0.21393 0.69653 -0.40836 0.54985
1413393919.005760 -1.48720 0.61664 0.68993 0.23875 0.67945 -0.42708 0.54676
1413393919.105761 -1.49940 0.52286 0.70246 0.28657 0.64521 -0.46399 0.53506
1413393919.205760 -1.52324 0.43182 0.71445 0.32645 0.60884 -0.50078 0.52150
1413393919.255760 -1.53784 0.38594 0.72204 0.34529 0.58924 -0.51737 0.51565
1413393919.355761 -1.57855 0.30453 0.73346 -0.38117 -0.54504 0.54568 -0.50978
1413393919.405761 -1.60176 0.26911 0.73648 -0.39457 -0.52324 0.55881 -0.50819
1413393919.505760 -1.65774 0.20841 0.73216 -0.40742 -0.49047 0.58743 -0.49837
1413393919.555760 -1.69105 0.18313 0.72848 -0.41104 -0.47719 0.60138 -0.49161
1413393919.655761 -1.76732 0.14689 0.70878 -0.42163 -0.45594 0.62304 -0.47557
1413393919.705760 -1.80942 0.13488 0.69551 -0.42963 -0.44813 0.62863 -0.46843
1413393919.805760 -1.90192 0.12103 0.66665 -0.45849 -0.44242 0.62528 -0.45064
1413393919.855761 -1.95196 0.12396 0.65017 -0.47439 -0.44346 0.61987 -0.44052
1413393919.955760 -2.04887 0.13732 0.60745 -0.49565 -0.45155 0.61181 -0.41968
1413393920.055760 -2.14326 0.16491 0.55248 -0.49915 -0.46236 0.61163 -0.40371
1413393920.105761 -2.19460 0.18566 0.52024 -0.49856 -0.46631 0.61208 -0.39920
1413393920.205760 -2.27265 0.23055 0.45562 -0.49491 -0.47415 0.61305 -0.39296
1413393920.355761 -2.40041 0.32142 0.35271 -0.48919 -0.48327 0.61336 -0.38850
1413393920.405761 -2.43431 0.35539 0.31970 -0.48393 -0.48810 0.61609 -0.38471
1413393920.555760 -2.54274 0.46595 0.22881 -0.46540 -0.50353 0.62609 -0.37130
1413393920.655761 -2.60389 0.54206 0.17677 -0.45959 -0.51109 0.62730 -0.36613
1413393920.805760 -2.69765 0.65364 0.09945 -0.45705 -0.51717 0.62569 -0.36354
1413393920.905761 -2.75031 0.72807 0.04684 -0.45534 -0.52317 0.62542 -0.35751
1413393920.955760 -2.77653 0.76690 0.02241 -0.45218 -0.52746 0.62672 -0.35290
1413393921.105761 -2.84438 0.86686 -0.05287 -0.43407 -0.54227 0.63805 -0.33229
1413393921.355761 -2.92760 0.97707 -0.15867 -0.42350 -0.55136 0.64431 -0.31861
1413393921.505760 -2.96568 0.99993 -0.20507 -0.43295 -0.54165 0.63841 -0.33407
1413393921.555760 -2.97703 1.00394 -0.21975 -0.43984 -0.53615 0.63385 -0.34250
1413393921.655761 -2.99716 1.00332 -0.24996 -0.45054 -0.52858 0.62717 -0.35252
1413393921.905761 -3.02770 0.98979 -0.36491 -0.46833 -0.51551 0.61719 -0.36605
1413393922.105761 -3.03103 0.98333 -0.47552 -0.47432 -0.51048 0.61543 -0.36834
1413393922.205760 -3.02558 0.98608 -0.53576 -0.45795 -0.51940 0.62927 -0.35289
1413393922.255760 -3.02064 0.98711 -0.56497 -0.44853 -0.52451 0.63698 -0.34346
1413393922.405761 -3.00387 0.97916 -0.64472 -0.41965 -0.53545 0.65885 -0.32108
1413393922.505760 -2.99221 0.95776 -0.69350 -0.40730 -0.52907 0.66905 -0.32645
1413393922.755760 -2.98654 0.84038 -0.79517 -0.41070 -0.49662 0.66927 -0.36982
1413393922.905761 -3.00815 0.75089 -0.84924 -0.41099 -0.50541 0.66854 -0.35876
1413393922.955760 -3.01907 0.71658 -0.86373 -0.41198 -0.51203 0.66787 -0.34935
1413393923.205760 -3.09015 0.50378 -0.87345 -0.42060 -0.53503 0.66320 -0.31146
1413393923.255760 -3.10236 0.45344 -0.86675 -0.42271 -0.53433 0.66248 -0.31133
1413393923.355761 -3.13004 0.33326 -0.85333 -0.42087 -0.52262 0.66443 -0.32905
1413393923.455760 -3.15740 0.20433 -0.83864 -0.40910 -0.50979 0.66508 -0.36115
1413393923.605761 -3.21104 0.00026 -0.81299 -0.39356 -0.51590 0.64213 -0.40820
1413393923.655761 -3.23345 -0.06764 -0.80432 -0.39055 -0.52890 0.62789 -0.41652
1413393923.755760 -3.28444 -0.20302 -0.78543 -0.38392 -0.56641 0.59367 -0.42349
1413393923.805760 -3.31297 -0.27088 -0.77831 0.37692 0.58660 -0.57699 0.42534
1413393923.905761 -3.37174 -0.40566 -0.76261 0.36050 0.62272 -0.54333 0.43249
1413393923.955760 -3.40131 -0.47340 -0.75567 0.35020 0.63818 -0.52772 0.43771
1413393924.055760 -3.46000 -0.60912 -0.74108 0.32865 0.66664 -0.49897 0.44566
1413393924.105761 -3.48850 -0.67855 -0.73461 0.32082 0.68086 -0.48329 0.44714
1413393924.205760 -3.54267 -0.81895 -0.71818 0.31909 0.70838 -0.44372 0.44665
1413393924.305760 -3.58870 -0.96247 -0.69986 0.32800 0.73181 -0.39805 0.44545
1413393924.355761 -3.60373 -1.02964 -0.69106 0.33307 0.74152 -0.37765 0.44339
1413393924.455760 -3.62153 -1.16226 -0.67037 0.34636 0.75633 -0.34174 0.43727
1413393924.505760 -3.61939 -1.22015 -0.65855 0.35282 0.76089 -0.32754 0.43506
1413393924.605761 -3.60204 -1.33222 -0.63049 0.36581 0.76388 -0.30354 0.43651
1413393924.655761 -3.58268 -1.38330 -0.61389 0.37363 0.76239 -0.29297 0.43970
1413393924.755760 -3.52098 -1.46561 -0.57231 0.38916 0.75534 -0.27631 0.44908
1413393924.805760 -3.47737 -1.49833 -0.54670 0.39388 0.75215 -0.27421 0.45160
1413393924.905761 -3.36876 -1.54053 -0.48368 0.37858 0.74618 -0.29463 0.46161
1413393924.955760 -3.30274 -1.55242 -0.44579 0.35886 0.74441 -0.31422 0.46726
1413393925.055760 -3.15788 -1.56128 -0.35724 0.31880 0.74084 -0.34593 0.47944
1413393925.155761 -2.99909 -1.56078 -0.25740 0.27893 0.74033 -0.36640 0.48975
1413393925.205760 -2.91585 -1.56045 -0.20555 0.25494 0.74195 -0.37431 0.49437
1413393925.305760 -2.74641 -1.56338 -0.10167 0.21185 0.74893 -0.37864 0.50085
1413393925.355761 -2.66167 -1.56883 -0.04941 0.19901 0.75364 -0.37388 0.50263
1413393925.455760 -2.49053 -1.58872 0.05791 0.19191 0.76007 -0.35656 0.50826
1413393925.505760 -2.40908 -1.60342 0.10948 0.19261 0.76156 -0.34751 0.51201
1413393925.655761 -2.15870 -1.66054 0.25852 0.18939 0.76358 -0.33088 0.52115
1413393925.755760 -1.99349 -1.70729 0.33082 0.19078 0.76494 -0.32249 0.52389
1413393925.805760 -1.91022 -1.73255 0.35356 0.19189 0.76447 -0.31909 0.52626
1413393925.905761 -1.74949 -1.78545 0.38193 0.19665 0.76136 -0.31275 0.53278
1413393926.005760 -1.59242 -1.84028 0.38910 0.20256 0.75274 -0.30731 0.54581
1413393926.055760 -1.51459 -1.86855 0.38298 0.20441 0.74588 -0.30545 0.55550
1413393926.155761 -1.36774 -1.92327 0.37552 0.20542 0.73461 -0.30416 0.57065
1413393926.205760 -1.30256 -1.94836 0.36756 0.20384 0.73198 -0.30528 0.57399
1413393926.305760 -1.17223 -1.99745 0.36365 0.19976 0.73252 -0.30980 0.57231
1413393926.455760 -0.99706 -2.06875 0.36026 0.19310 0.74204 -0.31097 0.56160
1413393926.505760 -0.94009 -2.09342 0.35766 0.19238 0.74213 -0.30700 0.56390
1413393926.605761 -0.83617 -2.13877 0.34828 0.19372 0.74170 -0.29260 0.57161
1413393926.655761 -0.78855 -2.15956 0.33630 0.19232 0.74284 -0.28412 0.57487
1413393926.755760 -0.69641 -2.20013 0.31862 0.18635 0.74895 -0.26548 0.57782
1413393926.855761 -0.61266 -2.23595 0.31257 0.17355 0.75807 -0.24746 0.57791
1413393926.905761 -0.57529 -2.25008 0.31562 0.16495 0.76500 -0.23866 0.57498
1413393927.005760 -0.50158 -2.28117 0.33244 0.14557 0.78001 -0.22404 0.56586
1413393927.055760 -0.46848 -2.29543 0.34655 0.13445 0.78746 -0.22026 0.55974
1413393927.155761 -0.40070 -2.32959 0.38163 0.11207 0.79628 -0.21705 0.55341
1413393927.205760 -0.37110 -2.34667 0.40081 0.10172 0.79832 -0.21690 0.55254
1413393927.305760 -0.30616 -2.39068 0.43906 0.08352 0.80602 -0.21708 0.54428
1413393927.455760 -0.20173 -2.47790 0.50128 0.08926 0.81968 -0.19010 0.53294
1413393927.505760 -0.16107 -2.51298 0.52717 0.09933 0.82064 -0.17546 0.53470
1413393927.605761 -0.08197 -2.58027 0.57684 0.11822 0.82165 -0.14532 0.53833
1413393927.705760 0.00489 -2.64432 0.62817 0.13339 0.81851 -0.11263 0.54732
1413393927.755760 0.04929 -2.67036 0.65410 0.14189 0.81513 -0.09631 0.55331
1413393927.855761 0.14834 -2.71946 0.71058 0.15432 0.80701 -0.07163 0.56550
1413393927.905761 0.19811 -2.73498 0.73856 0.15473 0.80385 -0.06598 0.57056
1413393928.005760 0.30123 -2.75629 0.79506 0.15561 0.79946 -0.05914 0.57719
1413393928.155761 0.45286 -2.75162 0.86459 0.15914 0.79517 -0.05397 0.58264
1413393928.305760 0.60028 -2.70380 0.91389 0.14492 0.79850 -0.06690 0.58044
1413393928.355761 0.64744 -2.67831 0.92770 0.13001 0.79832 -0.07857 0.58276
1413393928.455760 0.74404 -2.62241 0.94813 0.10290 0.79434 -0.10017 0.59025
1413393928.555760 0.83478 -2.56079 0.95937 0.08511 0.78707 -0.11559 0.59993
1413393928.605761 0.87512 -2.52847 0.96268 0.08116 0.78047 -0.11972 0.60824
1413393928.705760 0.95052 -2.46509 0.96928 0.07927 0.77246 -0.12448 0.61768
1413393928.855761 1.04353 -2.36939 0.98003 0.09591 0.77252 -0.12094 0.61595
1413393929.005760 1.11003 -2.26889 0.99494 0.12860 0.77345 -0.11808 0.60934
1413393929.155761 1.15423 -2.15538 1.01487 0.15691 0.77240 -0.13819 0.59973
1413393929.305760 1.18852 -2.01984 1.04046 0.17852 0.77198 -0.17794 0.58354
1413393929.405761 1.20368 -1.92039 1.05889 0.18716 0.76862 -0.21518 0.57262
1413393929.455760 1.20672 -1.86915 1.06914 0.19284 0.76559 -0.23330 0.56768
1413393929.555760 1.21668 -1.76348 1.09097 0.20882 0.75963 -0.26855 0.55429
1413393929.605761 1.22131 -1.70872 1.10328 0.21881 0.75554 -0.28507 0.54774
1413393929.705760 1.23041 -1.60086 1.12828 0.23973 0.74566 -0.31668 0.53501
1413393929.755760 1.23361 -1.55193 1.14273 0.24848 0.73978 -0.33280 0.52937
1413393929.855761 1.24402 -1.44307 1.16914 0.25768 0.72378 -0.37028 0.52215
1413393930.005760 1.25625 -1.28722 1.21104 0.25945 0.69252 -0.42861 0.51904
1413393930.155761 1.25413 -1.14121 1.24191 0.26818 0.66683 -0.47081 0.51162
1413393930.255760 1.24590 -1.05277 1.25145 0.27741 0.65734 -0.48433 0.50634
1413393930.405761 1.21683 -0.92680 1.24640 0.30669 0.66175 -0.47912 0.48834
1413393930.455760 1.20622 -0.89037 1.24161 0.31684 0.66559 -0.47433 0.48126
1413393930.555760 1.18412 -0.81278 1.21244 0.32772 0.66981 -0.46798 0.47429
1413393930.705760 1.15947 -0.69542 1.12573 0.32250 0.66262 -0.46853 0.48725
1413393930.855761 1.11500 -0.58608 1.02413 0.31657 0.65554 -0.46621 0.50269
1413393931.005760 1.06916 -0.47660 0.94107 0.31292 0.66025 -0.46180 0.50288
1413393931.105761 1.03282 -0.40634 0.90920 0.31019 0.66363 -0.45992 0.50185
1413393931.255760 0.97105 -0.30082 0.88685 0.30090 0.66973 -0.46181 0.49765
1413393931.405761 0.89561 -0.20833 0.86169 0.28668 0.67149 -0.46779 0.49808
1413393931.555760 0.82756 -0.11608 0.80339 0.27451 0.66967 -0.47301 0.50244
1413393931.705760 0.73891 -0.04114 0.73397 0.26986 0.67036 -0.47310 0.50396
1413393931.855761 0.63600 0.01923 0.65013 0.27024 0.67259 -0.46966 0.50399
1413393931.955760 0.56423 0.04403 0.59383 0.27142 0.67416 -0.46742 0.50335
1413393932.105761 0.44703 0.07136 0.52223 0.27756 0.67989 -0.46156 0.49766
1413393932.255760 0.31756 0.08439 0.45897 0.29347 0.69013 -0.44982 0.48503
1413393932.405761 0.18591 0.09237 0.40125 0.30692 0.69769 -0.44055 0.47429
1413393932.555760 0.05946 0.09152 0.34532 0.31542 0.70017 -0.43678 0.46851
1413393932.705760 -0.04896 0.08397 0.29938 0.32335 0.69497 -0.43419 0.47322
1413393932.805760 -0.11240 0.07723 0.27379 0.32732 0.69094 -0.43403 0.47652
1413393932.955760 -0.19412 0.06888 0.24418 0.33798 0.68593 -0.43008 0.47989
1413393933.005760 -0.22138 0.06729 0.23519 0.34325 0.68069 -0.42599 0.48721
1413393933.105761 -0.26549 0.06814 0.22180 0.35176 0.67109 -0.41740 0.50168
1413393933.255760 -0.32715 0.08563 0.20693 0.34658 0.66158 -0.41886 0.51649
1413393933.405761 -0.38710 0.12418 0.20280 0.32115 0.65201 -0.43549 0.53112
1413393933.555760 -0.45935 0.17633 0.20116 0.28436 0.65287 -0.46058 0.52988
1413393933.655761 -0.51666 0.20985 0.19481 0.27202 0.65670 -0.47034 0.52300
1413393933.705760 -0.54879 0.22416 0.18893 0.27423 0.66089 -0.46948 0.51732
1413393933.805760 -0.61810 0.25144 0.17469 0.28956 0.67142 -0.46096 0.50286
1413393933.855761 -0.64866 0.26212 0.16281 0.29569 0.67571 -0.45748 0.49668
1413393933.955760 -0.71777 0.28581 0.13871 0.30607 0.67935 -0.45123 0.49111
1413393934.005760 -0.75202 0.29687 0.12861 0.31603 0.67712 -0.44389 0.49457
1413393934.105761 -0.82200 0.32285 0.12056 0.33354 0.67100 -0.43063 0.50305
1413393934.255760 -0.92458 0.37322 0.12123 0.33791 0.67053 -0.42449 0.50598
1413393934.405761 -1.02258 0.43936 0.12199 0.31482 0.67455 -0.43743 0.50450
1413393934.505760 -1.09415 0.48091 0.10252 0.29839 0.67637 -0.44732 0.50338
1413393934.655761 -1.20519 0.54836 0.05884 0.27826 0.67407 -0.45952 0.50700
1413393934.805760 -1.32860 0.60653 -0.00401 0.24923 0.67056 -0.47135 0.51581
1413393934.855761 -1.37170 0.62214 -0.02785 0.23642 0.67321 -0.47240 0.51743
1413393934.955760 -1.46168 0.64516 -0.08339 0.21674 0.69053 -0.46282 0.51184
1413393935.005760 -1.50262 0.64706 -0.11019 0.21687 0.70520 -0.44772 0.50517
1413393935.105761 -1.59177 0.64710 -0.16906 0.22349 0.73852 -0.40500 0.49052
1413393935.155761 -1.63562 0.64382 -0.19589 0.22299 0.75283 -0.38314 0.48654
1413393935.255760 -1.72143 0.63221 -0.24138 0.21196 0.77617 -0.34153 0.48580
1413393935.355761 -1.79615 0.61184 -0.27257 0.19157 0.79254 -0.30515 0.49200
1413393935.405761 -1.83048 0.59948 -0.28300 0.18292 0.79915 -0.28531 0.49648
1413393935.505760 -1.88402 0.57052 -0.28943 0.16906 0.80933 -0.24323 0.50719
1413393935.555760 -1.90736 0.55551 -0.28874 0.16179 0.81455 -0.22210 0.51089
1413393935.705760 -1.95430 0.51177 -0.27461 0.15725 0.82760 -0.16109 0.51419
1413393935.855761 -1.96563 0.48246 -0.25412 0.16890 0.83301 -0.10467 0.51635
1413393935.955760 -1.95304 0.47990 -0.23991 0.15357 0.83373 -0.08256 0.52392
1413393936.005760 -1.94100 0.48390 -0.23198 0.13259 0.83339 -0.07897 0.53070
1413393936.105761 -1.90748 0.50224 -0.21523 0.08599 0.83195 -0.06916 0.54377
1413393936.255760 -1.84154 0.54247 -0.18511 0.00961 0.82929 -0.04572 0.55686
1413393936.355761 -1.79002 0.56890 -0.16309 -0.03553 0.82917 -0.02026 0.55750
1413393936.405761 -1.76285 0.58026 -0.15112 -0.05430 0.82859 -0.00455 0.55719
1413393936.555760 -1.67224 0.60121 -0.11315 -0.09002 0.81892 0.05728 0.56390
1413393936.655761 -1.60746 0.60679 -0.08523 -0.10793 0.80357 0.09781 0.57712
1413393936.805760 -1.51390 0.60561 -0.04409 -0.13452 0.78054 0.14742 0.59239
1413393936.855761 -1.48549 0.60391 -0.02914 -0.14297 0.77426 0.16326 0.59450
1413393936.955760 -1.43535 0.59626 0.00186 -0.15883 0.76125 0.19662 0.59717
1413393937.055760 -1.39511 0.58552 0.03576 -0.17308 0.74637 0.23337 0.59876
1413393937.105761 -1.38119 0.57994 0.05371 -0.18149 0.73929 0.25125 0.59781
1413393937.255760 -1.35989 0.55664 0.11163 -0.21096 0.71918 0.29874 0.59079
1413393937.355761 -1.36337 0.53754 0.15383 -0.23021 0.70881 0.32513 0.58214
1413393937.405761 -1.37104 0.52673 0.17696 -0.23764 0.70524 0.33549 0.57759
1413393937.555760 -1.39987 0.49254 0.22131 -0.24960 0.71433 0.35818 0.54694
1413393937.655761 -1.42793 0.45604 0.23723 -0.25740 0.72457 0.36300 0.52628
1413393937.805760 -1.46857 0.41429 0.22995 -0.25923 0.74122 0.36662 0.49898
1413393937.905761 -1.48995 0.39164 0.22998 -0.25775 0.74668 0.36725 0.49108
1413393938.055760 -1.51442 0.36728 0.23875 -0.24795 0.73509 0.37232 0.50946
1413393938.205760 -1.54419 0.34044 0.27470 -0.23005 0.70706 0.39091 0.54253
1413393938.255760 -1.56075 0.34886 0.26713 -0.22716 0.69669 0.39849 0.55157
1413393938.355761 -1.60682 0.34498 0.28506 -0.23760 0.68365 0.40753 0.55686
1413393938.505760 -1.68936 0.35496 0.30403 -0.28620 0.67943 0.41136 0.53596
1413393938.555760 -1.72349 0.35695 0.31913 -0.30122 0.67805 0.41507 0.52653
1413393938.655761 -1.79140 0.36272 0.32866 -0.32636 0.67307 0.42695 0.50812
1413393938.805760 -1.90177 0.35534 0.32829 -0.35555 0.66056 0.44771 0.48663
1413393938.905761 -1.96137 0.34117 0.32018 -0.36834 0.64353 0.46503 0.48368
1413393939.055760 -2.06451 0.30721 0.31861 -0.38190 0.62179 0.49253 0.47428
1413393939.105761 -2.09704 0.29530 0.32505 -0.39326 0.60890 0.49584 0.47826
1413393939.205760 -2.16886 0.26005 0.32677 -0.41127 0.58779 0.50459 0.48036
1413393939.255760 -2.20606 0.23839 0.32634 -0.41052 0.58670 0.51406 0.47222
1413393939.405761 -2.31846 0.15951 0.31577 -0.38170 0.61316 0.55053 0.41864
1413393939.505760 -2.38886 0.10755 0.29718 -0.35774 0.64435 0.56782 0.36663
1413393939.605761 -2.45210 0.06937 0.27218 -0.33951 0.67016 0.57509 0.32387
1413393939.655761 -2.47952 0.05759 0.25789 -0.33112 0.67998 0.57727 0.30780
1413393939.755760 -2.52711 0.05897 0.23050 -0.31578 0.68301 0.58421 0.30411
1413393939.905761 -2.58176 0.12163 0.20120 -0.35424 0.64683 0.56099 0.37606
1413393939.955760 -2.59743 0.15262 0.19513 -0.38038 0.62642 0.54239 0.41076
1413393940.055760 -2.62428 0.21333 0.18505 -0.43158 0.58767 0.50114 0.46609
1413393940.105761 -2.64433 0.23895 0.17958 -0.45324 0.57154 0.48224 0.48514
1413393940.205760 -2.65642 0.27120 0.16796 -0.48527 0.55031 0.45408 0.50545
1413393940.355761 -2.68545 0.25494 0.14969 -0.47463 0.56489 0.46489 0.48940
1413393940.455760 -2.70147 0.20527 0.13682 -0.43092 0.60106 0.50002 0.45057
1413393940.505760 -2.70963 0.17444 0.12998 -0.40478 0.62379 0.51850 0.42214
1413393940.605761 -2.71673 0.11471 0.12021 -0.36515 0.66516 0.54021 0.36388
1413393940.655761 -2.71172 0.09238 0.11734 -0.35342 0.68005 0.54368 0.34211
1413393940.755760 -2.70225 0.05846 0.12446 -0.34681 0.70332 0.53777 0.30961
1413393940.905761 -2.64380 0.06784 0.15711 -0.36394 0.69127 0.52252 0.34156
1413393940.955760 -2.61334 0.08336 0.17378 -0.37414 0.67543 0.51793 0.36819
1413393941.055760 -2.54788 0.11694 0.20632 -0.40432 0.63693 0.49865 0.42683
1413393941.105761 -2.51163 0.13484 0.22233 -0.42026 0.61668 0.48703 0.45376
1413393941.205760 -2.43785 0.15827 0.25139 -0.44585 0.58432 0.46859 0.49011
1413393941.305760 -2.36986 0.16132 0.27285 -0.44655 0.57802 0.47166 0.49399
1413393941.355761 -2.33539 0.15001 0.27981 -0.43737 0.58615 0.48206 0.48244
1413393941.505760 -2.22769 0.10463 0.29863 -0.39033 0.62673 0.52468 0.42375
1413393941.605761 -2.15308 0.07074 0.31306 -0.35700 0.65088 0.54956 0.38327
1413393941.655761 -2.11521 0.05688 0.32202 -0.34452 0.65869 0.55825 0.36850
1413393941.755760 -2.03705 0.04685 0.33906 -0.32398 0.67109 0.56773 0.34981
1413393941.905761 -1.91212 0.07192 0.35239 -0.32251 0.66985 0.56265 0.36155
1413393941.955760 -1.86510 0.09498 0.35613 -0.33471 0.66127 0.55394 0.37928
1413393942.055760 -1.77367 0.15033 0.36837 -0.37067 0.63394 0.52704 0.42773
1413393942.155761 -1.68480 0.20268 0.38404 -0.40414 0.60223 0.49766 0.47573
1413393942.205760 -1.64139 0.22611 0.39100 -0.41660 0.58841 0.48548 0.49449
1413393942.305760 -1.55976 0.25735 0.40492 -0.42803 0.57170 0.47211 0.51678
1413393942.355761 -1.52167 0.26642 0.41128 -0.42904 0.56884 0.47005 0.52096
1413393942.455760 -1.45063 0.26352 0.42383 -0.41741 0.57774 0.47874 0.51263
1413393942.505760 -1.41948 0.25093 0.42821 -0.40684 0.58704 0.48769 0.50202
1413393942.655761 -1.33431 0.20378 0.43923 -0.36026 0.63015 0.52323 0.44649
1413393942.805760 -1.26187 0.15539 0.43644 -0.32045 0.66081 0.54992 0.39778
1413393942.905761 -1.21374 0.14416 0.42479 -0.30574 0.67021 0.55966 0.37964
1413393943.055760 -1.15114 0.17455 0.39224 -0.31383 0.66451 0.55677 0.38724
1413393943.155761 -1.09064 0.21468 0.38469 -0.34875 0.63746 0.53760 0.42779
1413393943.305760 -1.02177 0.27925 0.37623 -0.40049 0.59225 0.50136 0.48733
1413393943.355761 -1.00846 0.29649 0.37113 -0.41429 0.57975 0.49062 0.50154
1413393943.455760 -0.97357 0.32132 0.35675 -0.43022 0.56602 0.47677 0.51693
1413393943.605761 -0.92968 0.30663 0.35352 -0.40129 0.59010 0.49809 0.49259
1413393943.655761 -0.91605 0.29643 0.34966 -0.38347 0.60552 0.51105 0.47448
1413393943.755760 -0.89748 0.27292 0.34095 -0.34858 0.63554 0.53323 0.43617
1413393943.855761 -0.88370 0.26022 0.32734 -0.32002 0.65845 0.54632 0.40690
1413393943.905761 -0.87053 0.24625 0.34974 -0.31045 0.66720 0.54669 0.39950
1413393944.055760 -0.84639 0.26490 0.35743 -0.31157 0.67415 0.52321 0.41798
1413393944.155761 -0.82242 0.29782 0.37490 -0.33681 0.67252 0.48618 0.44487
1413393944.205760 -0.81542 0.31640 0.38805 -0.35182 0.67056 0.46428 0.45937
1413393944.355761 -0.78338 0.35767 0.42508 -0.38051 0.65583 0.40558 0.51049
1413393944.455760 -0.76103 0.36798 0.44527 -0.38102 0.65162 0.38189 0.53327
1413393944.505760 -0.75015 0.36813 0.45498 -0.37157 0.65387 0.37943 0.53891
1413393944.605761 -0.73267 0.35411 0.46933 -0.33538 0.67267 0.39171 0.53065
1413393944.755760 -0.71599 0.31569 0.48638 -0.28069 0.71570 0.41635 0.48542
1413393944.855761 -0.70706 0.29058 0.50564 -0.25664 0.73751 0.42628 0.45662
1413393944.905761 -0.69914 0.28317 0.51621 -0.24868 0.74487 0.42905 0.44637
1413393945.005760 -0.67854 0.28569 0.53995 -0.24270 0.75308 0.42657 0.43818
1413393945.205760 -0.60994 0.33274 0.60603 -0.27157 0.71173 0.38236 0.52296
1413393945.355761 -0.56631 0.36602 0.62401 -0.28482 0.67932 0.33596 0.58697
1413393945.455760 -0.55206 0.37421 0.61290 -0.27557 0.68411 0.31382 0.59797
1413393945.555760 -0.55027 0.36892 0.58640 -0.25760 0.71137 0.29755 0.58228
1413393945.605761 -0.55327 0.36247 0.57242 -0.24451 0.72648 0.29208 0.57195
1413393945.705760 -0.56315 0.34226 0.54584 -0.21402 0.75528 0.28269 0.55122
1413393945.755760 -0.56974 0.33019 0.53383 -0.19771 0.76980 0.27775 0.53960
1413393945.855761 -0.58145 0.30717 0.50998 -0.16666 0.79699 0.26586 0.51609
1413393945.905761 -0.58530 0.29833 0.49953 -0.15253 0.80651 0.25910 0.50906
1413393946.005760 -0.58539 0.29025 0.48723 -0.13947 0.80531 0.23671 0.52535
1413393946.055760 -0.58276 0.29023 0.48633 -0.13634 0.79695 0.22367 0.54430
1413393946.155761 -0.57654 0.29237 0.48685 -0.13163 0.77352 0.19512 0.58844
1413393946.205760 -0.57709 0.29364 0.48844 -0.12860 0.76123 0.17984 0.60963
1413393946.305760 -0.58389 0.29606 0.48492 -0.11690 0.75114 0.15185 0.63172
1413393946.405761 -0.60501 0.29506 0.47546 -0.10738 0.76458 0.12031 0.62403
1413393946.455760 -0.62063 0.29303 0.46966 -0.10246 0.77605 0.10373 0.61358
1413393946.555760 -0.66127 0.28326 0.45792 -0.08314 0.80197 0.07330 0.58699
1413393946.605761 -0.67738 0.27894 0.45465 -0.06899 0.81603 0.06039 0.57069
1413393946.705760 -0.71069 0.26480 0.44667 -0.03362 0.84210 0.03537 0.53712
1413393946.755760 -0.72487 0.25745 0.44172 -0.01421 0.85084 0.02314 0.52472
1413393946.855761 -0.74816 0.24444 0.44862 0.01832 0.85475 -0.00518 0.51869
1413393946.905761 -0.74557 0.24316 0.44803 0.03198 0.84882 -0.01919 0.52737
1413393947.005760 -0.74290 0.23582 0.46209 0.05470 0.81997 -0.04629 0.56790
1413393947.055760 -0.73322 0.23441 0.46114 0.06532 0.80215 -0.05930 0.59057
1413393947.155761 -0.73359 0.24165 0.46527 0.08599 0.77400 -0.08608 0.62139
1413393947.255760 -0.73532 0.25489 0.44356 0.10560 0.76353 -0.11517 0.62658
1413393947.305760 -0.74246 0.25577 0.42886 0.11508 0.76126 -0.13035 0.62470
1413393947.405761 -0.75929 0.28526 0.39922 0.13044 0.75724 -0.16391 0.61864
1413393947.455760 -0.77373 0.28145 0.36574 0.13027 0.75768 -0.18639 0.61173
1413393947.605761 -0.82290 0.30967 0.28940 0.12398 0.75799 -0.25775 0.58621
1413393947.705760 -0.86733 0.32183 0.24095 0.12511 0.76282 -0.30054 0.55868
1413393947.755760 -0.89234 0.32102 0.22082 0.13465 0.76750 -0.31589 0.54132
1413393947.855761 -0.94322 0.31306 0.18473 0.17020 0.77437 -0.33338 0.51015
1413393947.905761 -0.96856 0.30335 0.16942 0.19017 0.77355 -0.33935 0.50030
1413393948.005760 -1.01207 0.27959 0.14789 0.23656 0.76281 -0.34116 0.49574
1413393948.105761 -1.04475 0.25295 0.13297 0.28210 0.74717 -0.33602 0.49925
1413393948.255760 -1.07465 0.22487 0.11398 0.31367 0.71664 -0.34700 0.51732
1413393948.405761 -1.09320 0.21785 0.10165 0.32612 0.67884 -0.36446 0.54772
1413393948.555760 -1.11439 0.24882 0.09450 0.33003 0.66054 -0.38764 0.55181
1413393948.605761 -1.12253 0.26405 0.08994 0.32730 0.66496 -0.39927 0.53971
1413393948.755760 -1.15434 0.32120 0.07618 0.31503 0.68924 -0.43908 0.48261
1413393948.955760 -1.18459 0.39840 0.07226 0.30724 0.69009 -0.49060 0.43438
1413393949.005760 -1.18887 0.41257 0.07546 0.31558 0.67981 -0.49853 0.43559
1413393949.255760 -1.20410 0.45984 0.11266 0.39032 0.61365 -0.51101 0.45821
1413393949.405761 -1.20502 0.49379 0.13942 0.43047 0.57180 -0.51483 0.47190
1413393949.555760 -1.20384 0.55721 0.15970 0.43182 0.54201 -0.53970 0.47800
1413393949.705760 -1.20880 0.65077 0.17155 -0.39212 -0.53717 0.58299 -0.46671
1413393949.955760 -1.28914 0.83047 0.19872 -0.33449 -0.50377 0.64422 -0.46831
1413393950.105761 -1.41036 0.92760 0.22935 -0.34791 -0.51878 0.64642 -0.43815
1413393950.255760 -1.57340 1.01166 0.26694 -0.37824 -0.56249 0.63048 -0.37821
1413393950.455760 -1.79981 1.08386 0.30967 -0.38529 -0.57867 0.62832 -0.34914
1413393950.555760 -1.91712 1.10132 0.31288 -0.39090 -0.57045 0.62720 -0.35834
1413393950.705760 -2.08195 1.09685 0.30661 -0.41329 -0.55262 0.61556 -0.38064
1413393950.955760 -2.33518 1.06973 0.24716 -0.44040 -0.54766 0.60093 -0.38078
1413393951.255760 -2.57473 1.00719 0.15298 -0.44103 -0.54799 0.60443 -0.37398
1413393951.505760 -2.72322 0.93792 0.10358 -0.43240 -0.54581 0.61777 -0.36536
1413393951.805760 -2.86546 0.82951 0.01639 -0.44213 -0.54248 0.61935 -0.35587
1413393952.255760 -2.98836 0.60953 -0.08605 -0.45321 -0.51705 0.62809 -0.36437
1413393952.505760 -3.01714 0.48551 -0.06164 -0.44734 -0.52779 0.61728 -0.37455
1413393952.555760 -3.01995 0.45825 -0.05526 -0.44456 -0.53462 0.61188 -0.37702
1413393952.805760 -3.01776 0.33968 -0.02595 -0.42419 -0.57065 0.58053 -0.39675
1413393952.955760 -3.00661 0.26770 -0.01140 0.40477 0.57923 -0.57391 0.41387
1413393953.205760 -3.00233 0.15441 0.00386 0.37836 0.57867 -0.57692 0.43492
1413393953.355761 -3.00179 0.07787 -0.01835 -0.36909 -0.57282 0.58086 -0.44526
1413393953.555760 -3.04982 -0.02671 -0.01613 -0.38535 -0.56611 0.57201 -0.45148
1413393953.805760 -3.13227 -0.14414 0.02358 0.42757 0.57281 -0.54705 0.43567
1413393954.055760 -3.19700 -0.20286 0.01423 0.41228 0.59509 -0.53766 0.43221
1413393954.105761 -3.20880 -0.21122 0.01071 0.40188 0.60338 -0.53851 0.42946
1413393954.205760 -3.23022 -0.22777 0.00536 0.37881 0.62385 -0.53918 0.42023
1413393954.355761 -3.25570 -0.26211 0.00861 0.34383 0.65414 -0.53170 0.41375
1413393954.505760 -3.26537 -0.31509 0.02066 0.31847 0.68168 -0.50809 0.41920
1413393954.655761 -3.25850 -0.38898 0.03913 0.29723 0.70585 -0.47898 0.42895
1413393954.905761 -3.21653 -0.56670 0.06738 0.27756 0.72894 -0.44934 0.43554
1413393955.105761 -3.15118 -0.76025 0.09358 0.28817 0.72336 -0.42590 0.46078
1413393955.355761 -3.03054 -1.02883 0.12469 0.27343 0.71777 -0.40251 0.49802
1413393955.505760 -2.94995 -1.19015 0.14770 0.26040 0.72424 -0.37144 0.51932
1413393955.655761 -2.87164 -1.34334 0.16425 0.25277 0.73240 -0.31464 0.54836
1413393955.805760 -2.79971 -1.47869 0.15609 0.26206 0.75458 -0.25366 0.54553
1413393955.905761 -2.75082 -1.55388 0.13769 0.25870 0.77152 -0.23176 0.53302
1413393955.955760 -2.72194 -1.59070 0.12777 0.24399 0.77795 -0.23240 0.53033
1413393956.055760 -2.65978 -1.64867 0.11222 0.20878 0.78564 -0.24000 0.53064
1413393956.205760 -2.55581 -1.72409 0.09973 0.16657 0.79007 -0.23820 0.53972
1413393956.405761 -2.40247 -1.80894 0.10837 0.14012 0.78340 -0.19140 0.57448
1413393956.605761 -2.25473 -1.88181 0.11321 0.10055 0.79045 -0.13273 0.58946
1413393956.805760 -2.12302 -1.93387 0.10953 0.04747 0.81452 -0.07428 0.57340
1413393957.055760 -1.95477 -1.99729 0.11357 -0.02252 0.82318 -0.00938 0.56726
1413393957.105761 -1.91627 -2.01343 0.11803 -0.03181 0.82367 0.00777 0.56613
1413393957.205760 -1.84057 -2.04308 0.12387 -0.05089 0.82249 0.04445 0.56475
1413393957.255760 -1.80229 -2.05851 0.12728 -0.06196 0.82118 0.06354 0.56373
1413393957.355761 -1.72672 -2.08733 0.13312 -0.08563 0.81705 0.10147 0.56107
1413393957.455760 -1.64795 -2.11733 0.13798 -0.10864 0.80948 0.13662 0.56060
1413393957.505760 -1.61027 -2.13097 0.13797 -0.11928 0.80459 0.15297 0.56126
1413393957.605761 -1.53427 -2.15944 0.13021 -0.14205 0.79340 0.18387 0.56261
1413393957.655761 -1.50280 -2.17090 0.12097 -0.15480 0.78567 0.19855 0.56510
1413393957.755760 -1.43275 -2.19891 0.09559 -0.17919 0.76727 0.22908 0.57158
1413393957.805760 -1.40754 -2.20867 0.07991 -0.18700 0.75858 0.24687 0.57327
1413393957.905761 -1.34678 -2.23925 0.04143 -0.19568 0.74467 0.28485 0.57099
1413393958.055760 -1.28005 -2.28131 -0.00262 -0.19415 0.73445 0.33655 0.55644
1413393958.205760 -1.23547 -2.30915 -0.00863 -0.20358 0.73296 0.35820 0.54131
1413393958.305760 -1.21338 -2.31432 0.00726 -0.21962 0.73486 0.35710 0.53313
1413393958.455760 -1.18934 -2.31336 0.03976 -0.24064 0.74380 0.34766 0.51767
1413393958.605761 -1.16547 -2.31020 0.05059 -0.24039 0.75685 0.34741 0.49870
1413393958.755760 -1.13305 -2.30114 0.03533 -0.23535 0.76344 0.34749 0.49095
1413393958.905761 -1.08725 -2.27833 0.00167 -0.23760 0.75268 0.34069 0.51082
1413393959.055760 -1.03016 -2.24685 -0.05562 -0.24881 0.74612 0.32711 0.52384
1413393959.155761 -0.99434 -2.22595 -0.09865 -0.26399 0.74275 0.31274 0.52993
1413393959.305760 -0.94169 -2.20489 -0.15658 -0.25993 0.73667 0.31112 0.54125
1413393959.455760 -0.88900 -2.19177 -0.20852 -0.24551 0.74161 0.31884 0.53673
1413393959.605761 -0.84287 -2.18272 -0.24624 -0.24385 0.73233 0.31855 0.55023
1413393959.655761 -0.82943 -2.17981 -0.25568 -0.24768 0.72204 0.31540 0.56377
1413393959.755760 -0.80925 -2.18195 -0.27066 -0.25477 0.70712 0.30919 0.58264
1413393960.005760 -0.80819 -2.22497 -0.30755 -0.23243 0.74027 0.32307 0.54184
1413393960.155761 -0.82182 -2.25545 -0.31893 -0.22043 0.75757 0.33057 0.51790
1413393960.305760 -0.83305 -2.27498 -0.32546 -0.20954 0.77448 0.33713 0.49255
1413393960.455760 -0.83194 -2.27080 -0.32309 -0.21799 0.76436 0.33892 0.50336
1413393960.655761 -0.82595 -2.23962 -0.35706 -0.24845 0.73503 0.36353 0.51561
1413393960.755760 -0.82459 -2.21833 -0.40604 -0.26525 0.72182 0.38621 0.50937
1413393960.905761 -0.82453 -2.18410 -0.50494 -0.28108 0.71400 0.42279 0.48213
1413393961.005760 -0.82323 -2.15706 -0.56420 -0.28996 0.71614 0.43682 0.46072
1413393961.055760 -0.82018 -2.14102 -0.58932 -0.29346 0.71497 0.44168 0.45566
1413393961.155761 -0.81180 -2.10431 -0.62447 -0.30181 0.70435 0.44514 0.46330
1413393961.305760 -0.79272 -2.04407 -0.63289 -0.34456 0.67567 0.41885 0.49932
1413393961.355761 -0.78624 -2.02708 -0.62624 -0.36443 0.66327 0.40405 0.51382
1413393961.605761 -0.75939 -2.00570 -0.55906 -0.35239 0.65642 0.41132 0.52512
1413393961.705760 -0.76154 -2.02876 -0.51106 -0.32795 0.67032 0.42799 0.50984
1413393961.855761 -0.77244 -2.07094 -0.40871 -0.31571 0.67695 0.43539 0.50249
1413393962.055760 -0.79702 -2.12923 -0.23748 -0.30410 0.69020 0.44350 0.48421
1413393962.205760 -0.81836 -2.16108 -0.07438 -0.29797 0.69865 0.44878 0.47085
1413393962.305760 -0.83222 -2.17416 0.04794 -0.29483 0.70261 0.45159 0.46419
1413393962.455760 -0.85234 -2.18343 0.21651 -0.27862 0.71653 0.46045 0.44379
1413393962.555760 -0.86104 -2.17817 0.30186 -0.26164 0.73111 0.46118 0.42934
1413393962.705760 -0.86228 -2.14716 0.40052 -0.23446 0.74264 0.44679 0.44033
1413393962.755760 -0.85916 -2.12999 0.42976 -0.22590 0.74297 0.43708 0.45379
1413393962.855761 -0.85083 -2.08077 0.47906 -0.20524 0.74060 0.41374 0.48807
1413393962.905761 -0.84667 -2.05163 0.50243 -0.19428 0.73878 0.40009 0.50635
1413393963.005760 -0.84414 -1.98451 0.54508 -0.17149 0.74001 0.36769 0.53645
1413393963.055760 -0.84541 -1.94772 0.56472 -0.16109 0.74229 0.34936 0.54863
1413393963.155761 -0.85365 -1.86429 0.59547 -0.14167 0.74698 0.31037 0.57064
1413393963.205760 -0.86200 -1.81979 0.60982 -0.13701 0.75113 0.28776 0.57813
1413393963.305760 -0.88638 -1.72308 0.62780 -0.12985 0.75936 0.24188 0.58992
1413393963.405761 -0.91860 -1.62101 0.63442 -0.11600 0.76820 0.20095 0.59668
1413393963.455760 -0.93867 -1.56966 0.63616 -0.10620 0.77280 0.18275 0.59842
1413393963.555760 -0.98048 -1.46542 0.62301 -0.08973 0.78036 0.14778 0.60096
1413393963.605761 -1.00299 -1.41275 0.61287 -0.08165 0.78242 0.13163 0.60317
1413393963.705760 -1.05253 -1.30741 0.58397 -0.06400 0.78464 0.10339 0.60791
1413393963.855761 -1.13873 -1.14881 0.52549 -0.03207 0.78797 0.06789 0.61112
1413393963.905761 -1.17183 -1.09482 0.50155 -0.02069 0.79028 0.05682 0.60975
1413393964.005760 -1.24260 -0.98730 0.44788 0.00227 0.79644 0.03488 0.60371
1413393964.055760 -1.28048 -0.93223 0.41827 0.01280 0.79854 0.02315 0.60136
1413393964.155761 -1.35803 -0.81788 0.35482 0.02833 0.80058 -0.00432 0.59855
1413393964.255760 -1.43737 -0.69948 0.28740 0.03617 0.80062 -0.03718 0.59692
1413393964.305760 -1.47910 -0.63931 0.25498 0.03872 0.80125 -0.05425 0.59461
1413393964.405761 -1.56094 -0.51897 0.19361 0.04660 0.80168 -0.08479 0.58988
1413393964.455760 -1.60305 -0.45844 0.16524 0.05089 0.80125 -0.09908 0.58787
1413393964.555760 -1.68747 -0.34411 0.11344 0.05862 0.79899 -0.12660 0.58493
1413393964.605761 -1.73170 -0.28730 0.08949 0.06148 0.79725 -0.14060 0.58382
1413393964.705760 -1.81989 -0.18290 0.04500 0.06827 0.79138 -0.16675 0.58417
1413393964.755760 -1.86750 -0.13002 0.02269 0.07108 0.78918 -0.18013 0.58284
1413393964.855761 -1.96054 -0.03920 -0.01607 0.07614 0.78848 -0.20592 0.57454
1413393964.905761 -2.00771 0.00123 -0.03335 0.07870 0.78994 -0.21962 0.56707
1413393965.005760 -2.10551 0.07404 -0.06697 0.07497 0.79566 -0.25093 0.54620
1413393965.155761 -2.25081 0.14847 -0.10897 0.05991 0.79813 -0.30432 0.51652
1413393965.255760 -2.34373 0.16466 -0.12898 0.06394 0.80193 -0.32899 0.49456
1413393965.305760 -2.39155 0.16441 -0.13607 0.07230 0.80606 -0.33434 0.48297
1413393965.455760 -2.51218 0.10931 -0.14262 0.12906 0.82403 -0.31318 0.45413
1413393965.605761 -2.58848 0.00619 -0.13147 0.20668 0.83220 -0.25667 0.44592
1413393965.705760 -2.59977 -0.06882 -0.11927 0.23210 0.82759 -0.23600 0.45335
1413393965.755760 -2.59439 -0.10456 -0.11274 0.23061 0.82111 -0.23759 0.46491
1413393965.855761 -2.56830 -0.17308 -0.09657 0.22489 0.80064 -0.24158 0.50004
1413393965.955760 -2.52840 -0.23677 -0.08845 0.23021 0.78906 -0.23703 0.51788
1413393966.105761 -2.44745 -0.31824 -0.08419 0.24026 0.78483 -0.22837 0.52360
1413393966.255760 -2.34209 -0.36923 -0.05693 0.23047 0.78441 -0.23605 0.52522
1413393966.405761 -2.21406 -0.39566 0.00314 0.25102 0.78272 -0.21860 0.52588
1413393966.455760 -2.17488 -0.39968 0.02937 0.25586 0.77763 -0.21372 0.53306
1413393966.555760 -2.07011 -0.38789 0.08515 0.25345 0.76231 -0.21167 0.55663
1413393966.705760 -1.91399 -0.34976 0.14355 0.24504 0.74384 -0.21390 0.58386
1413393966.805760 -1.81568 -0.30341 0.16825 0.24182 0.73709 -0.21577 0.59301
1413393966.855761 -1.76716 -0.27491 0.17714 0.23852 0.73697 -0.21880 0.59339
1413393966.955760 -1.67614 -0.20904 0.18475 0.22111 0.74398 -0.23517 0.58506
1413393967.005760 -1.63281 -0.17125 0.18473 0.20890 0.74777 -0.24875 0.57907
1413393967.105761 -1.55300 -0.09548 0.18032 0.19101 0.75175 -0.27184 0.56964
1413393967.155761 -1.51497 -0.05561 0.17630 0.18728 0.75218 -0.28027 0.56622
1413393967.255760 -1.44629 0.02099 0.16417 0.18691 0.74927 -0.29384 0.56331
1413393967.405761 -1.35456 0.12851 0.13266 0.20701 0.73664 -0.31269 0.56279
1413393967.555760 -1.27752 0.23056 0.08818 0.22912 0.71738 -0.34392 0.56089
1413393967.655761 -1.23576 0.30097 0.06095 0.24167 0.70648 -0.36932 0.55325
1413393967.705760 -1.21941 0.33258 0.04753 0.25109 0.70127 -0.38088 0.54782
1413393967.855761 -1.18323 0.43206 0.02249 0.27555 0.68793 -0.41513 0.52771
1413393968.005760 -1.15821 0.53030 0.02748 0.27646 0.69377 -0.45132 0.48844
1413393968.255760 -1.11846 0.65050 0.10891 0.28228 0.68829 -0.47498 0.47008
1413393968.505760 -1.07002 0.72869 0.18022 0.30674 0.70258 -0.45859 0.44944
1413393968.655761 -1.02693 0.74976 0.19635 0.32065 0.70397 -0.44834 0.44788
1413393968.855761 -0.95221 0.75588 0.17988 0.33034 0.69018 -0.45970 0.45078
1413393969.105761 -0.84147 0.74840 0.10843 0.35581 0.63046 -0.49783 0.47758
1413393969.155761 -0.81994 0.74763 0.08894 0.36563 0.62054 -0.50504 0.47558
1413393969.255760 -0.78077 0.75034 0.05201 0.38483 0.60372 -0.52105 0.46469
1413393969.405761 -0.71277 0.76325 0.00046 0.39881 0.57788 -0.55539 0.44558
1413393969.705760 -0.62267 0.81339 -0.07124 -0.39361 -0.51224 0.62924 -0.43213
1413393970.005760 -0.65023 0.88106 -0.02177 -0.40979 -0.49474 0.65289 -0.40130
1413393970.355761 -0.78289 0.94594 0.10891 -0.44253 -0.53218 0.63470 -0.34367
1413393970.505760 -0.82946 0.94816 0.13964 -0.44761 -0.53369 0.62873 -0.34570
1413393970.805760 -0.88134 0.92361 0.18655 -0.48999 -0.53999 0.59428 -0.33934
1413393971.055760 -0.84099 0.90299 0.16104 0.50440 0.54652 -0.58278 0.32751
1413393971.505760 -0.51359 0.95481 0.18744 0.51550 0.49673 -0.55781 0.41996
1413393971.705760 -0.32027 1.03527 0.17386 -0.43527 -0.48649 0.61621 -0.44063
1413393971.805760 -0.23631 1.09989 0.17113 -0.40083 -0.46588 0.64034 -0.46071
1413393971.905761 -0.17114 1.17539 0.17570 -0.38644 -0.45654 0.65338 -0.46405
1413393972.055760 -0.11652 1.30058 0.19780 -0.40153 -0.47068 0.65407 -0.43523
1413393972.205760 -0.10111 1.43381 0.20772 -0.39457 -0.48189 0.66552 -0.41131
1413393972.255760 -0.10286 1.47615 0.20166 -0.39131 -0.48712 0.66893 -0.40265
1413393972.355761 -0.11489 1.55803 0.18968 -0.41351 -0.50226 0.65653 -0.38172
1413393972.405761 -0.12411 1.59651 0.18365 -0.42553 -0.50934 0.64858 -0.37261
1413393972.555760 -0.15051 1.70880 0.17048 -0.44123 -0.53126 0.63621 -0.34397
1413393972.905761 -0.17426 1.87420 0.11146 -0.44936 -0.53650 0.63506 -0.32701
1413393973.105761 -0.15056 1.92289 0.08537 -0.46824 -0.53135 0.62544 -0.32749
1413393973.205760 -0.12470 1.93709 0.07210 -0.48053 -0.52466 0.61595 -0.33827
1413393973.355761 -0.06527 1.96047 0.05364 0.50371 0.50994 -0.59542 0.36294
1413393973.755760 0.20648 2.14843 0.00124 -0.48938 -0.48321 0.59211 -0.42001
1413393973.805760 0.24362 2.18627 -0.01021 -0.46696 -0.48056 0.60665 -0.42777
1413393973.905761 0.31988 2.27301 -0.02394 -0.41169 -0.47050 0.64081 -0.44554
1413393973.955760 0.35088 2.32023 -0.02943 -0.38427 -0.46815 0.65716 -0.44869
1413393974.055760 0.39684 2.41895 -0.03613 -0.33325 -0.48262 0.68816 -0.42715
1413393974.105761 0.40635 2.46896 -0.03762 -0.30991 -0.49457 0.70169 -0.40865
1413393974.255760 0.38161 2.58222 -0.02151 -0.28167 -0.54614 0.71502 -0.33337
1413393974.355761 0.33374 2.61091 0.00527 -0.29472 -0.58104 0.70304 -0.28508
1413393974.455760 0.27520 2.59319 0.03862 -0.31589 -0.60697 0.68482 -0.25063
1413393974.505760 0.24421 2.56439 0.05802 -0.33182 -0.61794 0.67129 -0.23960
1413393974.605761 0.19245 2.47865 0.10263 -0.37067 -0.63035 0.64028 -0.23517
1413393974.655761 0.17209 2.41873 0.12563 0.39163 0.63079 -0.62438 0.24265
1413393974.755760 0.14663 2.28315 0.17360 0.43318 0.62200 -0.59375 0.27006
1413393974.805760 0.14185 2.20827 0.19403 0.44998 0.61540 -0.58120 0.28463
1413393974.905761 0.14775 2.05440 0.22610 0.46573 0.59260 -0.57178 0.32402
1413393974.955760 0.15572 1.97450 0.23655 0.46963 0.58041 -0.57028 0.34257
1413393975.055760 0.18124 1.82223 0.24625 -0.47101 -0.55754 0.57144 -0.37517
1413393975.105761 0.19644 1.74464 0.24527 -0.46948 -0.54841 0.57346 -0.38727
1413393975.205760 0.23636 1.59994 0.23613 -0.46074 -0.53605 0.58143 -0.40287
1413393975.455760 0.35122 1.28461 0.22294 -0.46533 -0.53308 0.57911 -0.40488
1413393975.605761 0.41682 1.13097 0.22151 -0.47962 -0.53326 0.56698 -0.40513
1413393975.755760 0.52805 1.00213 0.23117 -0.46951 -0.52546 0.57466 -0.41621
1413393975.805760 0.56223 0.96082 0.23133 -0.46321 -0.52155 0.58024 -0.42040
1413393976.055760 0.72639 0.82488 0.23690 -0.44636 -0.50951 0.60359 -0.42051
1413393976.155761 0.79449 0.78963 0.23015 -0.44514 -0.51256 0.60986 -0.40892
1413393976.305760 0.87616 0.74464 0.20153 -0.43861 -0.50589 0.61964 -0.40955
1413393976.505760 0.96825 0.71074 0.17344 -0.43082 -0.49776 0.61851 -0.42905
1413393976.655761 1.02053 0.69827 0.16842 -0.41566 -0.51412 0.61422 -0.43087
1413393976.905761 1.06832 0.69994 0.12686 -0.38612 -0.53645 0.61557 -0.42919
1413393977.155761 1.06083 0.69806 0.09566 -0.39446 -0.57080 0.60578 -0.38939
1413393977.455760 1.04741 0.64157 0.15563 -0.42456 -0.56848 0.58682 -0.39016
1413393977.605761 1.05785 0.60981 0.20321 -0.43019 -0.56824 0.58664 -0.38458
1413393978.155761 1.18400 0.44181 0.27801 -0.43108 -0.54986 0.60524 -0.38145
1413393978.305760 1.22581 0.39166 0.30204 -0.43109 -0.53539 0.61491 -0.38652
1413393978.455760 1.27688 0.32904 0.33518 -0.43979 -0.50936 0.62816 -0.39058
1413393978.605761 1.32043 0.27848 0.37202 -0.45462 -0.47817 0.64618 -0.38357
1413393978.855761 1.36098 0.23400 0.42610 -0.47117 -0.42654 0.68993 -0.34651
1413393979.005760 1.36340 0.22526 0.45788 -0.48324 -0.38901 0.71249 -0.32789
1413393979.155761 1.34988 0.22737 0.48747 -0.49543 -0.34788 0.73367 -0.30865
1413393979.205760 1.34142 0.23320 0.49297 0.50111 0.33480 -0.73969 0.29943
1413393979.305760 1.32358 0.24241 0.50177 0.51145 0.30711 -0.75138 0.28200
1413393979.355761 1.31158 0.25144 0.50138 0.51607 0.29201 -0.75685 0.27493
1413393979.455760 1.28564 0.27205 0.49442 0.52341 0.26066 -0.76777 0.26197
1413393979.555760 1.25316 0.30198 0.47689 0.52898 0.22840 -0.77800 0.25048
1413393979.605761 1.23404 0.32010 0.46452 0.53190 0.21309 -0.78283 0.24260
1413393979.705760 1.19335 0.36269 0.43977 0.54070 0.18639 -0.79006 0.22069
1413393979.855761 1.12468 0.44475 0.41352 0.55271 0.15515 -0.79928 0.17776
1413393980.055760 1.01682 0.57919 0.39284 0.55406 0.11482 -0.81564 0.12071
1413393980.155761 0.95783 0.65212 0.38427 0.54838 0.10081 -0.82561 0.08650
1413393980.205760 0.92588 0.68819 0.37893 0.54369 0.09557 -0.83093 0.06945
1413393980.305760 0.85778 0.75516 0.37114 0.53599 0.08748 -0.83857 0.04320
1413393980.405761 0.78175 0.81566 0.36544 0.53409 0.08231 -0.84094 0.02813
1413393980.605761 0.60637 0.90233 0.35743 0.56095 0.07635 -0.82408 0.01991
1413393980.855761 0.37306 0.96244 0.35096 0.56423 0.07378 -0.82197 0.02381
1413393981.005760 0.22927 0.97861 0.35284 0.54483 0.06283 -0.83524 0.03998
1413393981.155761 0.07402 0.98706 0.37018 0.54611 0.04988 -0.83415 0.05897
1413393981.405761 -0.21661 1.01303 0.45665 0.54869 0.04635 -0.83165 0.07172
1413393981.705760 -0.59997 1.06875 0.52594 0.54865 0.07521 -0.83134 0.04684
1413393981.855761 -0.80496 1.08672 0.52128 0.55413 0.08824 -0.82681 0.03917
1413393982.255760 -1.34809 1.03921 0.46982 0.56973 0.17207 -0.79882 0.08763
1413393982.605761 -1.78784 0.88964 0.45143 0.53611 0.30889 -0.76371 0.18419
1413393982.755760 -1.95411 0.80035 0.44834 0.51871 0.38272 -0.73001 0.22705
1413393982.855761 -2.05837 0.73220 0.44655 0.50789 0.43277 -0.70006 0.25430
1413393983.005760 -2.19359 0.62103 0.44185 -0.48503 -0.50339 0.65176 -0.29420
1413393983.255760 -2.35562 0.41357 0.43086 0.44264 0.60675 -0.56042 0.34907
1413393983.405761 -2.40338 0.28704 0.42547 0.41830 0.65709 -0.49868 0.38023
1413393983.455760 -2.41294 0.24195 0.42473 0.40957 0.67091 -0.47797 0.39200
1413393983.555760 -2.40896 0.15825 0.42477 0.39283 0.69391 -0.43572 0.41752
1413393983.605761 -2.40316 0.11571 0.42718 0.38407 0.70425 -0.41411 0.43016
1413393983.705760 -2.37366 0.03637 0.43241 0.36340 0.72246 -0.37389 0.45409
1413393983.955760 -2.21730 -0.09948 0.45640 0.30033 0.75772 -0.28883 0.50224
1413393984.005760 -2.18071 -0.12086 0.46000 0.28928 0.76339 -0.27186 0.50956
1413393984.255760 -1.93234 -0.15831 0.50253 0.23771 0.78605 -0.17875 0.54191
1413393984.455760 -1.70132 -0.10507 0.54881 0.18983 0.79418 -0.12082 0.56448
1413393984.555760 -1.58258 -0.05332 0.57440 0.17215 0.79426 -0.09673 0.57460
1413393984.705760 -1.40338 0.05168 0.60338 0.12907 0.79924 -0.08574 0.58070
1413393984.805760 -1.28424 0.13332 0.60922 0.09964 0.80082 -0.09187 0.58337
1413393984.855761 -1.22615 0.17471 0.60697 0.08503 0.80284 -0.09929 0.58169
1413393985.005760 -1.05448 0.29855 0.58776 0.05578 0.80754 -0.13845 0.57061
1413393985.155761 -0.88665 0.40399 0.55372 0.07714 0.80139 -0.17343 0.56722
1413393985.255760 -0.77942 0.46416 0.52289 0.10897 0.79170 -0.19336 0.56916
1413393985.305760 -0.73016 0.48776 0.49835 0.12696 0.78659 -0.20357 0.56895
1413393985.505760 -0.52550 0.60926 0.44336 0.19214 0.76674 -0.25263 0.55800
1413393985.655761 -0.38130 0.70305 0.40073 0.21445 0.75454 -0.30558 0.53972
1413393985.805760 -0.23900 0.79594 0.36099 0.22261 0.74528 -0.36289 0.51314
1413393985.855761 -0.19250 0.82481 0.35094 0.22535 0.74123 -0.38070 0.50484
1413393986.005760 -0.04727 0.89751 0.33361 0.23668 0.72109 -0.43140 0.48775
1413393986.155761 0.10321 0.94731 0.32398 0.25370 0.69300 -0.47619 0.47816
1413393986.355761 0.28720 0.97150 0.32206 0.27149 0.64255 -0.53751 0.47382
1413393986.405761 0.32914 0.97270 0.32138 0.27818 0.62889 -0.55181 0.47183
1413393986.505760 0.39671 0.95952 0.32677 0.29739 0.60663 -0.57408 0.46261
1413393986.805760 0.51975 0.87107 0.35730 -0.42381 -0.56020 0.58293 -0.40836
1413393986.955760 0.57944 0.82276 0.38236 -0.46192 -0.53744 0.58944 -0.38775
1413393987.105761 0.63851 0.77923 0.39139 -0.46201 -0.52673 0.60947 -0.37101
1413393987.505760 0.86614 0.66972 0.38480 -0.45197 -0.52176 0.62943 -0.35681
1413393987.655761 0.95843 0.62248 0.39868 -0.45983 -0.51728 0.62892 -0.35417
1413393987.805760 1.06055 0.57401 0.40929 -0.46529 -0.50486 0.63719 -0.35016
1413393988.205760 1.34688 0.44816 0.34355 -0.47367 -0.48395 0.64955 -0.34570
1413393988.355761 1.46356 0.40216 0.27801 -0.48606 -0.48407 0.64283 -0.34086
1413393988.505760 1.57224 0.36745 0.21683 -0.49887 -0.49473 0.63444 -0.32228
1413393988.705760 1.75797 0.31682 0.14505 0.50216 0.49857 -0.63394 0.31205
1413393988.905761 1.98522 0.25774 0.09832 -0.45522 -0.46379 0.68054 -0.33843
1413393989.055760 2.12571 0.21471 0.10112 -0.42084 -0.43059 0.72019 -0.34469
1413393989.105761 2.16247 0.19928 0.11213 -0.41013 -0.42047 0.73203 -0.34515
1413393989.355761 2.28401 0.08695 0.22846 -0.44153 -0.41174 0.73566 -0.30713
1413393989.405761 2.29404 0.05922 0.25881 -0.46893 -0.41321 0.72102 -0.29914
1413393989.505760 2.31244 0.00013 0.31573 0.51527 0.41182 -0.69295 0.29109
1413393989.655761 2.34729 -0.08327 0.36976 0.54135 0.40810 -0.67659 0.28744
1413393989.905761 2.43759 -0.21232 0.39726 0.53080 0.38117 -0.70082 0.28602
1413393990.055760 2.50019 -0.27844 0.38407 0.53132 0.33753 -0.72020 0.29171
1413393990.105761 2.51891 -0.29401 0.37350 0.53546 0.32287 -0.72587 0.28663
1413393990.255760 2.57762 -0.32804 0.33268 0.54821 0.27629 -0.74546 0.25967
1413393990.405761 2.62910 -0.33185 0.28073 0.54824 0.22449 -0.77262 0.22825
1413393990.605761 2.68738 -0.30241 0.22844 0.53146 0.15281 -0.81052 0.19300
1413393990.655761 2.69480 -0.28707 0.21787 0.51860 0.14129 -0.82384 0.17994
1413393990.755760 2.70330 -0.25823 0.19881 -0.48866 -0.13779 0.85051 -0.13729
1413393990.805760 2.70082 -0.24288 0.19064 -0.47720 -0.14157 0.85981 -0.11386
1413393990.905761 2.67814 -0.21829 0.18180 -0.46443 -0.15153 0.86936 -0.07457
1413393990.955760 2.65718 -0.21071 0.18129 -0.47206 -0.15774 0.86534 -0.05884
1413393991.105761 2.56111 -0.21516 0.19045 0.53990 0.16859 -0.82355 0.04299
1413393991.205760 2.49056 -0.23886 0.20249 0.59859 0.16270 -0.78223 0.05772
1413393991.255760 2.45979 -0.25352 0.20801 0.62559 0.15819 -0.76088 0.06840
1413393991.355761 2.40728 -0.28889 0.21985 0.66263 0.14717 -0.72843 0.09308
1413393991.455760 2.37897 -0.32202 0.22210 0.66004 0.13712 -0.72919 0.11761
1413393991.605761 2.37404 -0.36004 0.22185 0.59839 0.12313 -0.77701 0.15177
1413393991.655761 2.37698 -0.36703 0.22157 0.57390 0.11873 -0.79413 0.16090
1413393991.755760 2.38320 -0.37248 0.22929 0.53538 0.11445 -0.81988 0.16752
1413393991.805760 2.38254 -0.37109 0.23563 0.52459 0.11425 -0.82720 0.16580
1413393991.905761 2.37146 -0.35965 0.26079 0.54150 0.12426 -0.81833 0.14719
1413393992.205760 2.33622 -0.30202 0.34951 0.61399 0.15239 -0.76790 0.10057
1413393992.355761 2.34936 -0.26562 0.37843 0.56010 0.14960 -0.80848 0.10137
1413393992.455760 2.35766 -0.24654 0.39399 0.53002 0.13288 -0.82851 0.12249
1413393992.605761 2.35119 -0.21565 0.41121 0.53862 0.11827 -0.82237 0.14003
1413393992.755760 2.32849 -0.18149 0.41732 0.60318 0.13174 -0.77715 0.12184
1413393992.955760 2.33417 -0.12378 0.41549 0.62659 0.14954 -0.75872 0.09676
1413393993.055760 2.35873 -0.08914 0.41006 0.59810 0.15572 -0.78132 0.08703
1413393993.155761 2.38784 -0.06598 0.40789 0.56672 0.15496 -0.80466 0.08561
1413393993.505760 2.42185 -0.04146 0.42955 -0.48250 -0.15788 0.85852 -0.07225
1413393993.755760 2.32300 -0.09721 0.50030 0.60699 0.15322 -0.77505 0.08591
1413393993.905761 2.27776 -0.14202 0.50645 0.65932 0.14818 -0.73123 0.09296
1413393994.005760 2.26885 -0.17007 0.48314 0.68044 0.14283 -0.71178 0.09987
1413393994.205760 2.35222 -0.20234 0.46158 0.67598 0.12095 -0.71435 0.13461
1413393994.355761 2.48986 -0.19586 0.49035 0.62527 0.11574 -0.75797 0.14534
1413393994.455760 2.59518 -0.17817 0.50911 0.56907 0.12114 -0.80163 0.13739
1413393994.655761 2.78960 -0.13508 0.48477 -0.45289 -0.12909 0.87536 -0.10941
1413393994.755760 2.84956 -0.11766 0.45286 -0.41941 -0.13105 0.89324 -0.09508
1413393994.855761 2.87191 -0.11381 0.42975 -0.43713 -0.13787 0.88549 -0.07628
1413393994.905761 2.87016 -0.11384 0.42269 -0.46153 -0.14105 0.87297 -0.07087
1413393995.005760 2.85060 -0.12266 0.40954 0.50875 0.13808 -0.84664 0.07284
1413393995.055760 2.83601 -0.13022 0.40112 0.52779 0.13276 -0.83521 0.07900
1413393995.205760 2.78502 -0.15914 0.36873 0.56006 0.11423 -0.81246 0.11490
1413393995.355761 2.75513 -0.16991 0.31522 0.56129 0.11854 -0.80378 0.15761
1413393995.505760 2.71905 -0.16135 0.27356 0.55505 0.15251 -0.79534 0.18998
1413393995.705760 2.63371 -0.13128 0.22649 0.55720 0.22978 -0.76752 0.21827
1413393995.755760 2.60901 -0.12136 0.21838 0.55949 0.25211 -0.75677 0.22520
1413393996.005760 2.51914 -0.04922 0.18330 0.55324 0.34711 -0.70250 0.28272
1413393996.155761 2.48209 0.01787 0.15899 0.54192 0.37912 -0.68131 0.31370
1413393996.205760 2.47272 0.04564 0.14978 0.53423 0.38530 -0.67951 0.32313
1413393996.455760 2.40524 0.21261 0.08653 -0.49282 -0.42109 0.69101 -0.31987
1413393996.605761 2.36453 0.32444 0.02394 -0.47804 -0.43334 0.69897 -0.30844
1413393996.855761 2.30247 0.48249 -0.07244 -0.46887 -0.45359 0.69322 -0.30638
1413393997.005760 2.26474 0.55601 -0.11616 -0.46633 -0.47216 0.68002 -0.31172
1413393997.155761 2.23015 0.61397 -0.15484 -0.46132 -0.48599 0.67073 -0.31797
1413393997.305760 2.19623 0.66068 -0.17809 -0.46542 -0.49054 0.65908 -0.32919
1413393997.705760 2.13490 0.74594 -0.31960 -0.47194 -0.49249 0.64556 -0.34348
1413393997.855761 2.12580 0.77330 -0.36543 -0.47002 -0.49381 0.64771 -0.34017
1413393998.005760 2.12728 0.79450 -0.39917 -0.46935 -0.49407 0.65025 -0.33583
1413393998.155761 2.13833 0.80594 -0.42304 -0.46974 -0.49264 0.65349 -0.33106
1413393998.405761 2.17623 0.81345 -0.44747 -0.47174 -0.48463 0.65970 -0.32770
1413393998.855761 2.26274 0.78923 -0.45406 -0.45212 -0.45213 0.67812 -0.36238
1413393999.255760 2.28592 0.78596 -0.50081 -0.47370 -0.48043 0.66321 -0.32394
1413393999.555760 2.30739 0.74565 -0.54797 -0.44741 -0.46350 0.68268 -0.34487
1413393999.855761 2.28945 0.69459 -0.59499 -0.44584 -0.45174 0.68333 -0.36086
1413394000.155761 2.26044 0.66958 -0.62868 -0.48154 -0.46298 0.66088 -0.34207
1413394000.255760 2.26537 0.67337 -0.62800 -0.49637 -0.46979 0.65309 -0.32617
1413394000.305760 2.26734 0.67592 -0.64156 -0.49592 -0.46558 0.65753 -0.32396
1413394000.405761 2.25974 0.68054 -0.64203 -0.48835 -0.45242 0.66387 -0.34073
1413394000.705760 2.26055 0.67965 -0.64653 -0.48553 -0.45214 0.66598 -0.34104
